================================================
Now using method 1: Jacobi's method.
Iternation	|Residual norm
5000		|	29.0072
Time spent =29.0065s.

================================================
Now using method 2: Gauss-Seidel algo.
Iternation	|Residual norm
1		|	31.5925
2		|	31.5707
3		|	31.5542
4		|	31.5404
5		|	31.5282
6		|	31.5172
7		|	31.5072
8		|	31.4978
9		|	31.489
10		|	31.4807
11		|	31.4728
12		|	31.4653
13		|	31.458
14		|	31.4511
15		|	31.4444
16		|	31.4379
17		|	31.4316
18		|	31.4255
19		|	31.4195
20		|	31.4137
21		|	31.4081
22		|	31.4026
23		|	31.3972
24		|	31.3919
25		|	31.3868
26		|	31.3817
27		|	31.3768
28		|	31.3719
29		|	31.3671
30		|	31.3624
31		|	31.3578
32		|	31.3532
33		|	31.3487
34		|	31.3443
35		|	31.34
36		|	31.3357
37		|	31.3315
38		|	31.3273
39		|	31.3232
40		|	31.3191
41		|	31.3151
42		|	31.3111
43		|	31.3072
44		|	31.3033
45		|	31.2995
46		|	31.2957
47		|	31.2919
48		|	31.2882
49		|	31.2846
50		|	31.2809
51		|	31.2773
52		|	31.2738
53		|	31.2702
54		|	31.2667
55		|	31.2633
56		|	31.2598
57		|	31.2564
58		|	31.2531
59		|	31.2497
60		|	31.2464
61		|	31.2431
62		|	31.2398
63		|	31.2366
64		|	31.2334
65		|	31.2302
66		|	31.227
67		|	31.2239
68		|	31.2208
69		|	31.2177
70		|	31.2146
71		|	31.2116
72		|	31.2085
73		|	31.2055
74		|	31.2025
75		|	31.1996
76		|	31.1966
77		|	31.1937
78		|	31.1908
79		|	31.1879
80		|	31.185
81		|	31.1822
82		|	31.1793
83		|	31.1765
84		|	31.1737
85		|	31.1709
86		|	31.1681
87		|	31.1654
88		|	31.1626
89		|	31.1599
90		|	31.1572
91		|	31.1545
92		|	31.1518
93		|	31.1492
94		|	31.1465
95		|	31.1439
96		|	31.1412
97		|	31.1386
98		|	31.136
99		|	31.1334
100		|	31.1309
101		|	31.1283
102		|	31.1258
103		|	31.1232
104		|	31.1207
105		|	31.1182
106		|	31.1157
107		|	31.1132
108		|	31.1107
109		|	31.1083
110		|	31.1058
111		|	31.1034
112		|	31.1009
113		|	31.0985
114		|	31.0961
115		|	31.0937
116		|	31.0913
117		|	31.0889
118		|	31.0866
119		|	31.0842
120		|	31.0818
121		|	31.0795
122		|	31.0772
123		|	31.0749
124		|	31.0725
125		|	31.0702
126		|	31.0679
127		|	31.0657
128		|	31.0634
129		|	31.0611
130		|	31.0589
131		|	31.0566
132		|	31.0544
133		|	31.0521
134		|	31.0499
135		|	31.0477
136		|	31.0455
137		|	31.0433
138		|	31.0411
139		|	31.0389
140		|	31.0367
141		|	31.0345
142		|	31.0324
143		|	31.0302
144		|	31.0281
145		|	31.0259
146		|	31.0238
147		|	31.0217
148		|	31.0195
149		|	31.0174
150		|	31.0153
151		|	31.0132
152		|	31.0111
153		|	31.009
154		|	31.007
155		|	31.0049
156		|	31.0028
157		|	31.0008
158		|	30.9987
159		|	30.9967
160		|	30.9946
161		|	30.9926
162		|	30.9906
163		|	30.9886
164		|	30.9865
165		|	30.9845
166		|	30.9825
167		|	30.9805
168		|	30.9785
169		|	30.9765
170		|	30.9746
171		|	30.9726
172		|	30.9706
173		|	30.9687
174		|	30.9667
175		|	30.9648
176		|	30.9628
177		|	30.9609
178		|	30.9589
179		|	30.957
180		|	30.9551
181		|	30.9532
182		|	30.9512
183		|	30.9493
184		|	30.9474
185		|	30.9455
186		|	30.9436
187		|	30.9417
188		|	30.9399
189		|	30.938
190		|	30.9361
191		|	30.9342
192		|	30.9324
193		|	30.9305
194		|	30.9286
195		|	30.9268
196		|	30.9249
197		|	30.9231
198		|	30.9213
199		|	30.9194
200		|	30.9176
201		|	30.9158
202		|	30.914
203		|	30.9122
204		|	30.9103
205		|	30.9085
206		|	30.9067
207		|	30.9049
208		|	30.9031
209		|	30.9014
210		|	30.8996
211		|	30.8978
212		|	30.896
213		|	30.8942
214		|	30.8925
215		|	30.8907
216		|	30.8889
217		|	30.8872
218		|	30.8854
219		|	30.8837
220		|	30.8819
221		|	30.8802
222		|	30.8785
223		|	30.8767
224		|	30.875
225		|	30.8733
226		|	30.8715
227		|	30.8698
228		|	30.8681
229		|	30.8664
230		|	30.8647
231		|	30.863
232		|	30.8613
233		|	30.8596
234		|	30.8579
235		|	30.8562
236		|	30.8545
237		|	30.8528
238		|	30.8512
239		|	30.8495
240		|	30.8478
241		|	30.8461
242		|	30.8445
243		|	30.8428
244		|	30.8412
245		|	30.8395
246		|	30.8379
247		|	30.8362
248		|	30.8346
249		|	30.8329
250		|	30.8313
251		|	30.8296
252		|	30.828
253		|	30.8264
254		|	30.8248
255		|	30.8231
256		|	30.8215
257		|	30.8199
258		|	30.8183
259		|	30.8167
260		|	30.8151
261		|	30.8135
262		|	30.8118
263		|	30.8102
264		|	30.8087
265		|	30.8071
266		|	30.8055
267		|	30.8039
268		|	30.8023
269		|	30.8007
270		|	30.7991
271		|	30.7976
272		|	30.796
273		|	30.7944
274		|	30.7929
275		|	30.7913
276		|	30.7897
277		|	30.7882
278		|	30.7866
279		|	30.7851
280		|	30.7835
281		|	30.782
282		|	30.7804
283		|	30.7789
284		|	30.7773
285		|	30.7758
286		|	30.7743
287		|	30.7727
288		|	30.7712
289		|	30.7697
290		|	30.7681
291		|	30.7666
292		|	30.7651
293		|	30.7636
294		|	30.7621
295		|	30.7606
296		|	30.759
297		|	30.7575
298		|	30.756
299		|	30.7545
300		|	30.753
301		|	30.7515
302		|	30.75
303		|	30.7485
304		|	30.7471
305		|	30.7456
306		|	30.7441
307		|	30.7426
308		|	30.7411
309		|	30.7396
310		|	30.7382
311		|	30.7367
312		|	30.7352
313		|	30.7337
314		|	30.7323
315		|	30.7308
316		|	30.7294
317		|	30.7279
318		|	30.7264
319		|	30.725
320		|	30.7235
321		|	30.7221
322		|	30.7206
323		|	30.7192
324		|	30.7177
325		|	30.7163
326		|	30.7148
327		|	30.7134
328		|	30.712
329		|	30.7105
330		|	30.7091
331		|	30.7077
332		|	30.7063
333		|	30.7048
334		|	30.7034
335		|	30.702
336		|	30.7006
337		|	30.6991
338		|	30.6977
339		|	30.6963
340		|	30.6949
341		|	30.6935
342		|	30.6921
343		|	30.6907
344		|	30.6893
345		|	30.6879
346		|	30.6865
347		|	30.6851
348		|	30.6837
349		|	30.6823
350		|	30.6809
351		|	30.6795
352		|	30.6781
353		|	30.6767
354		|	30.6754
355		|	30.674
356		|	30.6726
357		|	30.6712
358		|	30.6698
359		|	30.6685
360		|	30.6671
361		|	30.6657
362		|	30.6643
363		|	30.663
364		|	30.6616
365		|	30.6603
366		|	30.6589
367		|	30.6575
368		|	30.6562
369		|	30.6548
370		|	30.6535
371		|	30.6521
372		|	30.6508
373		|	30.6494
374		|	30.6481
375		|	30.6467
376		|	30.6454
377		|	30.644
378		|	30.6427
379		|	30.6413
380		|	30.64
381		|	30.6387
382		|	30.6373
383		|	30.636
384		|	30.6347
385		|	30.6333
386		|	30.632
387		|	30.6307
388		|	30.6294
389		|	30.6281
390		|	30.6267
391		|	30.6254
392		|	30.6241
393		|	30.6228
394		|	30.6215
395		|	30.6202
396		|	30.6188
397		|	30.6175
398		|	30.6162
399		|	30.6149
400		|	30.6136
401		|	30.6123
402		|	30.611
403		|	30.6097
404		|	30.6084
405		|	30.6071
406		|	30.6058
407		|	30.6045
408		|	30.6032
409		|	30.6019
410		|	30.6007
411		|	30.5994
412		|	30.5981
413		|	30.5968
414		|	30.5955
415		|	30.5942
416		|	30.593
417		|	30.5917
418		|	30.5904
419		|	30.5891
420		|	30.5878
421		|	30.5866
422		|	30.5853
423		|	30.584
424		|	30.5828
425		|	30.5815
426		|	30.5802
427		|	30.579
428		|	30.5777
429		|	30.5764
430		|	30.5752
431		|	30.5739
432		|	30.5727
433		|	30.5714
434		|	30.5702
435		|	30.5689
436		|	30.5677
437		|	30.5664
438		|	30.5652
439		|	30.5639
440		|	30.5627
441		|	30.5614
442		|	30.5602
443		|	30.5589
444		|	30.5577
445		|	30.5565
446		|	30.5552
447		|	30.554
448		|	30.5528
449		|	30.5515
450		|	30.5503
451		|	30.5491
452		|	30.5478
453		|	30.5466
454		|	30.5454
455		|	30.5441
456		|	30.5429
457		|	30.5417
458		|	30.5405
459		|	30.5393
460		|	30.538
461		|	30.5368
462		|	30.5356
463		|	30.5344
464		|	30.5332
465		|	30.532
466		|	30.5307
467		|	30.5295
468		|	30.5283
469		|	30.5271
470		|	30.5259
471		|	30.5247
472		|	30.5235
473		|	30.5223
474		|	30.5211
475		|	30.5199
476		|	30.5187
477		|	30.5175
478		|	30.5163
479		|	30.5151
480		|	30.5139
481		|	30.5127
482		|	30.5115
483		|	30.5103
484		|	30.5091
485		|	30.508
486		|	30.5068
487		|	30.5056
488		|	30.5044
489		|	30.5032
490		|	30.502
491		|	30.5009
492		|	30.4997
493		|	30.4985
494		|	30.4973
495		|	30.4961
496		|	30.495
497		|	30.4938
498		|	30.4926
499		|	30.4914
500		|	30.4903
501		|	30.4891
502		|	30.4879
503		|	30.4868
504		|	30.4856
505		|	30.4844
506		|	30.4833
507		|	30.4821
508		|	30.4809
509		|	30.4798
510		|	30.4786
511		|	30.4775
512		|	30.4763
513		|	30.4751
514		|	30.474
515		|	30.4728
516		|	30.4717
517		|	30.4705
518		|	30.4694
519		|	30.4682
520		|	30.4671
521		|	30.4659
522		|	30.4648
523		|	30.4636
524		|	30.4625
525		|	30.4613
526		|	30.4602
527		|	30.4591
528		|	30.4579
529		|	30.4568
530		|	30.4556
531		|	30.4545
532		|	30.4534
533		|	30.4522
534		|	30.4511
535		|	30.45
536		|	30.4488
537		|	30.4477
538		|	30.4466
539		|	30.4454
540		|	30.4443
541		|	30.4432
542		|	30.4421
543		|	30.4409
544		|	30.4398
545		|	30.4387
546		|	30.4376
547		|	30.4364
548		|	30.4353
549		|	30.4342
550		|	30.4331
551		|	30.432
552		|	30.4308
553		|	30.4297
554		|	30.4286
555		|	30.4275
556		|	30.4264
557		|	30.4253
558		|	30.4242
559		|	30.4231
560		|	30.4219
561		|	30.4208
562		|	30.4197
563		|	30.4186
564		|	30.4175
565		|	30.4164
566		|	30.4153
567		|	30.4142
568		|	30.4131
569		|	30.412
570		|	30.4109
571		|	30.4098
572		|	30.4087
573		|	30.4076
574		|	30.4065
575		|	30.4054
576		|	30.4043
577		|	30.4032
578		|	30.4021
579		|	30.4011
580		|	30.4
581		|	30.3989
582		|	30.3978
583		|	30.3967
584		|	30.3956
585		|	30.3945
586		|	30.3934
587		|	30.3924
588		|	30.3913
589		|	30.3902
590		|	30.3891
591		|	30.388
592		|	30.3869
593		|	30.3859
594		|	30.3848
595		|	30.3837
596		|	30.3826
597		|	30.3816
598		|	30.3805
599		|	30.3794
600		|	30.3783
601		|	30.3773
602		|	30.3762
603		|	30.3751
604		|	30.3741
605		|	30.373
606		|	30.3719
607		|	30.3709
608		|	30.3698
609		|	30.3687
610		|	30.3677
611		|	30.3666
612		|	30.3655
613		|	30.3645
614		|	30.3634
615		|	30.3623
616		|	30.3613
617		|	30.3602
618		|	30.3592
619		|	30.3581
620		|	30.3571
621		|	30.356
622		|	30.3549
623		|	30.3539
624		|	30.3528
625		|	30.3518
626		|	30.3507
627		|	30.3497
628		|	30.3486
629		|	30.3476
630		|	30.3465
631		|	30.3455
632		|	30.3444
633		|	30.3434
634		|	30.3424
635		|	30.3413
636		|	30.3403
637		|	30.3392
638		|	30.3382
639		|	30.3371
640		|	30.3361
641		|	30.3351
642		|	30.334
643		|	30.333
644		|	30.3319
645		|	30.3309
646		|	30.3299
647		|	30.3288
648		|	30.3278
649		|	30.3268
650		|	30.3257
651		|	30.3247
652		|	30.3237
653		|	30.3226
654		|	30.3216
655		|	30.3206
656		|	30.3196
657		|	30.3185
658		|	30.3175
659		|	30.3165
660		|	30.3155
661		|	30.3144
662		|	30.3134
663		|	30.3124
664		|	30.3114
665		|	30.3103
666		|	30.3093
667		|	30.3083
668		|	30.3073
669		|	30.3063
670		|	30.3052
671		|	30.3042
672		|	30.3032
673		|	30.3022
674		|	30.3012
675		|	30.3002
676		|	30.2992
677		|	30.2981
678		|	30.2971
679		|	30.2961
680		|	30.2951
681		|	30.2941
682		|	30.2931
683		|	30.2921
684		|	30.2911
685		|	30.2901
686		|	30.2891
687		|	30.2881
688		|	30.287
689		|	30.286
690		|	30.285
691		|	30.284
692		|	30.283
693		|	30.282
694		|	30.281
695		|	30.28
696		|	30.279
697		|	30.278
698		|	30.277
699		|	30.276
700		|	30.275
701		|	30.274
702		|	30.2731
703		|	30.2721
704		|	30.2711
705		|	30.2701
706		|	30.2691
707		|	30.2681
708		|	30.2671
709		|	30.2661
710		|	30.2651
711		|	30.2641
712		|	30.2631
713		|	30.2621
714		|	30.2612
715		|	30.2602
716		|	30.2592
717		|	30.2582
718		|	30.2572
719		|	30.2562
720		|	30.2553
721		|	30.2543
722		|	30.2533
723		|	30.2523
724		|	30.2513
725		|	30.2503
726		|	30.2494
727		|	30.2484
728		|	30.2474
729		|	30.2464
730		|	30.2455
731		|	30.2445
732		|	30.2435
733		|	30.2425
734		|	30.2416
735		|	30.2406
736		|	30.2396
737		|	30.2386
738		|	30.2377
739		|	30.2367
740		|	30.2357
741		|	30.2347
742		|	30.2338
743		|	30.2328
744		|	30.2318
745		|	30.2309
746		|	30.2299
747		|	30.2289
748		|	30.228
749		|	30.227
750		|	30.226
751		|	30.2251
752		|	30.2241
753		|	30.2232
754		|	30.2222
755		|	30.2212
756		|	30.2203
757		|	30.2193
758		|	30.2184
759		|	30.2174
760		|	30.2164
761		|	30.2155
762		|	30.2145
763		|	30.2136
764		|	30.2126
765		|	30.2117
766		|	30.2107
767		|	30.2097
768		|	30.2088
769		|	30.2078
770		|	30.2069
771		|	30.2059
772		|	30.205
773		|	30.204
774		|	30.2031
775		|	30.2021
776		|	30.2012
777		|	30.2002
778		|	30.1993
779		|	30.1983
780		|	30.1974
781		|	30.1964
782		|	30.1955
783		|	30.1946
784		|	30.1936
785		|	30.1927
786		|	30.1917
787		|	30.1908
788		|	30.1898
789		|	30.1889
790		|	30.188
791		|	30.187
792		|	30.1861
793		|	30.1851
794		|	30.1842
795		|	30.1833
796		|	30.1823
797		|	30.1814
798		|	30.1805
799		|	30.1795
800		|	30.1786
801		|	30.1776
802		|	30.1767
803		|	30.1758
804		|	30.1748
805		|	30.1739
806		|	30.173
807		|	30.1721
808		|	30.1711
809		|	30.1702
810		|	30.1693
811		|	30.1683
812		|	30.1674
813		|	30.1665
814		|	30.1655
815		|	30.1646
816		|	30.1637
817		|	30.1628
818		|	30.1618
819		|	30.1609
820		|	30.16
821		|	30.1591
822		|	30.1581
823		|	30.1572
824		|	30.1563
825		|	30.1554
826		|	30.1545
827		|	30.1535
828		|	30.1526
829		|	30.1517
830		|	30.1508
831		|	30.1499
832		|	30.1489
833		|	30.148
834		|	30.1471
835		|	30.1462
836		|	30.1453
837		|	30.1444
838		|	30.1434
839		|	30.1425
840		|	30.1416
841		|	30.1407
842		|	30.1398
843		|	30.1389
844		|	30.138
845		|	30.1371
846		|	30.1361
847		|	30.1352
848		|	30.1343
849		|	30.1334
850		|	30.1325
851		|	30.1316
852		|	30.1307
853		|	30.1298
854		|	30.1289
855		|	30.128
856		|	30.1271
857		|	30.1262
858		|	30.1253
859		|	30.1244
860		|	30.1235
861		|	30.1225
862		|	30.1216
863		|	30.1207
864		|	30.1198
865		|	30.1189
866		|	30.118
867		|	30.1171
868		|	30.1162
869		|	30.1153
870		|	30.1144
871		|	30.1135
872		|	30.1126
873		|	30.1118
874		|	30.1109
875		|	30.11
876		|	30.1091
877		|	30.1082
878		|	30.1073
879		|	30.1064
880		|	30.1055
881		|	30.1046
882		|	30.1037
883		|	30.1028
884		|	30.1019
885		|	30.101
886		|	30.1001
887		|	30.0992
888		|	30.0984
889		|	30.0975
890		|	30.0966
891		|	30.0957
892		|	30.0948
893		|	30.0939
894		|	30.093
895		|	30.0921
896		|	30.0912
897		|	30.0904
898		|	30.0895
899		|	30.0886
900		|	30.0877
901		|	30.0868
902		|	30.0859
903		|	30.0851
904		|	30.0842
905		|	30.0833
906		|	30.0824
907		|	30.0815
908		|	30.0806
909		|	30.0798
910		|	30.0789
911		|	30.078
912		|	30.0771
913		|	30.0763
914		|	30.0754
915		|	30.0745
916		|	30.0736
917		|	30.0727
918		|	30.0719
919		|	30.071
920		|	30.0701
921		|	30.0692
922		|	30.0684
923		|	30.0675
924		|	30.0666
925		|	30.0657
926		|	30.0649
927		|	30.064
928		|	30.0631
929		|	30.0623
930		|	30.0614
931		|	30.0605
932		|	30.0597
933		|	30.0588
934		|	30.0579
935		|	30.057
936		|	30.0562
937		|	30.0553
938		|	30.0544
939		|	30.0536
940		|	30.0527
941		|	30.0518
942		|	30.051
943		|	30.0501
944		|	30.0492
945		|	30.0484
946		|	30.0475
947		|	30.0467
948		|	30.0458
949		|	30.0449
950		|	30.0441
951		|	30.0432
952		|	30.0423
953		|	30.0415
954		|	30.0406
955		|	30.0398
956		|	30.0389
957		|	30.038
958		|	30.0372
959		|	30.0363
960		|	30.0355
961		|	30.0346
962		|	30.0338
963		|	30.0329
964		|	30.032
965		|	30.0312
966		|	30.0303
967		|	30.0295
968		|	30.0286
969		|	30.0278
970		|	30.0269
971		|	30.0261
972		|	30.0252
973		|	30.0244
974		|	30.0235
975		|	30.0227
976		|	30.0218
977		|	30.021
978		|	30.0201
979		|	30.0193
980		|	30.0184
981		|	30.0176
982		|	30.0167
983		|	30.0159
984		|	30.015
985		|	30.0142
986		|	30.0133
987		|	30.0125
988		|	30.0116
989		|	30.0108
990		|	30.0099
991		|	30.0091
992		|	30.0082
993		|	30.0074
994		|	30.0066
995		|	30.0057
996		|	30.0049
997		|	30.004
998		|	30.0032
999		|	30.0023
1000		|	30.0015
1001		|	30.0007
1002		|	29.9998
1003		|	29.999
1004		|	29.9981
1005		|	29.9973
1006		|	29.9965
1007		|	29.9956
1008		|	29.9948
1009		|	29.9939
1010		|	29.9931
1011		|	29.9923
1012		|	29.9914
1013		|	29.9906
1014		|	29.9898
1015		|	29.9889
1016		|	29.9881
1017		|	29.9873
1018		|	29.9864
1019		|	29.9856
1020		|	29.9848
1021		|	29.9839
1022		|	29.9831
1023		|	29.9823
1024		|	29.9814
1025		|	29.9806
1026		|	29.9798
1027		|	29.9789
1028		|	29.9781
1029		|	29.9773
1030		|	29.9764
1031		|	29.9756
1032		|	29.9748
1033		|	29.974
1034		|	29.9731
1035		|	29.9723
1036		|	29.9715
1037		|	29.9706
1038		|	29.9698
1039		|	29.969
1040		|	29.9682
1041		|	29.9673
1042		|	29.9665
1043		|	29.9657
1044		|	29.9649
1045		|	29.964
1046		|	29.9632
1047		|	29.9624
1048		|	29.9616
1049		|	29.9608
1050		|	29.9599
1051		|	29.9591
1052		|	29.9583
1053		|	29.9575
1054		|	29.9566
1055		|	29.9558
1056		|	29.955
1057		|	29.9542
1058		|	29.9534
1059		|	29.9525
1060		|	29.9517
1061		|	29.9509
1062		|	29.9501
1063		|	29.9493
1064		|	29.9485
1065		|	29.9476
1066		|	29.9468
1067		|	29.946
1068		|	29.9452
1069		|	29.9444
1070		|	29.9436
1071		|	29.9427
1072		|	29.9419
1073		|	29.9411
1074		|	29.9403
1075		|	29.9395
1076		|	29.9387
1077		|	29.9379
1078		|	29.9371
1079		|	29.9362
1080		|	29.9354
1081		|	29.9346
1082		|	29.9338
1083		|	29.933
1084		|	29.9322
1085		|	29.9314
1086		|	29.9306
1087		|	29.9298
1088		|	29.929
1089		|	29.9281
1090		|	29.9273
1091		|	29.9265
1092		|	29.9257
1093		|	29.9249
1094		|	29.9241
1095		|	29.9233
1096		|	29.9225
1097		|	29.9217
1098		|	29.9209
1099		|	29.9201
1100		|	29.9193
1101		|	29.9185
1102		|	29.9177
1103		|	29.9169
1104		|	29.9161
1105		|	29.9153
1106		|	29.9145
1107		|	29.9137
1108		|	29.9129
1109		|	29.9121
1110		|	29.9113
1111		|	29.9105
1112		|	29.9097
1113		|	29.9089
1114		|	29.9081
1115		|	29.9073
1116		|	29.9065
1117		|	29.9057
1118		|	29.9049
1119		|	29.9041
1120		|	29.9033
1121		|	29.9025
1122		|	29.9017
1123		|	29.9009
1124		|	29.9001
1125		|	29.8993
1126		|	29.8985
1127		|	29.8977
1128		|	29.8969
1129		|	29.8961
1130		|	29.8953
1131		|	29.8945
1132		|	29.8937
1133		|	29.8929
1134		|	29.8921
1135		|	29.8913
1136		|	29.8906
1137		|	29.8898
1138		|	29.889
1139		|	29.8882
1140		|	29.8874
1141		|	29.8866
1142		|	29.8858
1143		|	29.885
1144		|	29.8842
1145		|	29.8834
1146		|	29.8826
1147		|	29.8819
1148		|	29.8811
1149		|	29.8803
1150		|	29.8795
1151		|	29.8787
1152		|	29.8779
1153		|	29.8771
1154		|	29.8763
1155		|	29.8756
1156		|	29.8748
1157		|	29.874
1158		|	29.8732
1159		|	29.8724
1160		|	29.8716
1161		|	29.8708
1162		|	29.8701
1163		|	29.8693
1164		|	29.8685
1165		|	29.8677
1166		|	29.8669
1167		|	29.8662
1168		|	29.8654
1169		|	29.8646
1170		|	29.8638
1171		|	29.863
1172		|	29.8622
1173		|	29.8615
1174		|	29.8607
1175		|	29.8599
1176		|	29.8591
1177		|	29.8583
1178		|	29.8576
1179		|	29.8568
1180		|	29.856
1181		|	29.8552
1182		|	29.8545
1183		|	29.8537
1184		|	29.8529
1185		|	29.8521
1186		|	29.8513
1187		|	29.8506
1188		|	29.8498
1189		|	29.849
1190		|	29.8482
1191		|	29.8475
1192		|	29.8467
1193		|	29.8459
1194		|	29.8451
1195		|	29.8444
1196		|	29.8436
1197		|	29.8428
1198		|	29.8421
1199		|	29.8413
1200		|	29.8405
1201		|	29.8397
1202		|	29.839
1203		|	29.8382
1204		|	29.8374
1205		|	29.8367
1206		|	29.8359
1207		|	29.8351
1208		|	29.8343
1209		|	29.8336
1210		|	29.8328
1211		|	29.832
1212		|	29.8313
1213		|	29.8305
1214		|	29.8297
1215		|	29.829
1216		|	29.8282
1217		|	29.8274
1218		|	29.8267
1219		|	29.8259
1220		|	29.8251
1221		|	29.8244
1222		|	29.8236
1223		|	29.8228
1224		|	29.8221
1225		|	29.8213
1226		|	29.8205
1227		|	29.8198
1228		|	29.819
1229		|	29.8182
1230		|	29.8175
1231		|	29.8167
1232		|	29.816
1233		|	29.8152
1234		|	29.8144
1235		|	29.8137
1236		|	29.8129
1237		|	29.8122
1238		|	29.8114
1239		|	29.8106
1240		|	29.8099
1241		|	29.8091
1242		|	29.8083
1243		|	29.8076
1244		|	29.8068
1245		|	29.8061
1246		|	29.8053
1247		|	29.8046
1248		|	29.8038
1249		|	29.803
1250		|	29.8023
1251		|	29.8015
1252		|	29.8008
1253		|	29.8
1254		|	29.7993
1255		|	29.7985
1256		|	29.7977
1257		|	29.797
1258		|	29.7962
1259		|	29.7955
1260		|	29.7947
1261		|	29.794
1262		|	29.7932
1263		|	29.7925
1264		|	29.7917
1265		|	29.791
1266		|	29.7902
1267		|	29.7894
1268		|	29.7887
1269		|	29.7879
1270		|	29.7872
1271		|	29.7864
1272		|	29.7857
1273		|	29.7849
1274		|	29.7842
1275		|	29.7834
1276		|	29.7827
1277		|	29.7819
1278		|	29.7812
1279		|	29.7804
1280		|	29.7797
1281		|	29.7789
1282		|	29.7782
1283		|	29.7774
1284		|	29.7767
1285		|	29.7759
1286		|	29.7752
1287		|	29.7745
1288		|	29.7737
1289		|	29.773
1290		|	29.7722
1291		|	29.7715
1292		|	29.7707
1293		|	29.77
1294		|	29.7692
1295		|	29.7685
1296		|	29.7677
1297		|	29.767
1298		|	29.7662
1299		|	29.7655
1300		|	29.7648
1301		|	29.764
1302		|	29.7633
1303		|	29.7625
1304		|	29.7618
1305		|	29.761
1306		|	29.7603
1307		|	29.7596
1308		|	29.7588
1309		|	29.7581
1310		|	29.7573
1311		|	29.7566
1312		|	29.7559
1313		|	29.7551
1314		|	29.7544
1315		|	29.7536
1316		|	29.7529
1317		|	29.7522
1318		|	29.7514
1319		|	29.7507
1320		|	29.7499
1321		|	29.7492
1322		|	29.7485
1323		|	29.7477
1324		|	29.747
1325		|	29.7463
1326		|	29.7455
1327		|	29.7448
1328		|	29.744
1329		|	29.7433
1330		|	29.7426
1331		|	29.7418
1332		|	29.7411
1333		|	29.7404
1334		|	29.7396
1335		|	29.7389
1336		|	29.7382
1337		|	29.7374
1338		|	29.7367
1339		|	29.736
1340		|	29.7352
1341		|	29.7345
1342		|	29.7338
1343		|	29.733
1344		|	29.7323
1345		|	29.7316
1346		|	29.7308
1347		|	29.7301
1348		|	29.7294
1349		|	29.7286
1350		|	29.7279
1351		|	29.7272
1352		|	29.7265
1353		|	29.7257
1354		|	29.725
1355		|	29.7243
1356		|	29.7235
1357		|	29.7228
1358		|	29.7221
1359		|	29.7213
1360		|	29.7206
1361		|	29.7199
1362		|	29.7192
1363		|	29.7184
1364		|	29.7177
1365		|	29.717
1366		|	29.7163
1367		|	29.7155
1368		|	29.7148
1369		|	29.7141
1370		|	29.7134
1371		|	29.7126
1372		|	29.7119
1373		|	29.7112
1374		|	29.7105
1375		|	29.7097
1376		|	29.709
1377		|	29.7083
1378		|	29.7076
1379		|	29.7068
1380		|	29.7061
1381		|	29.7054
1382		|	29.7047
1383		|	29.7039
1384		|	29.7032
1385		|	29.7025
1386		|	29.7018
1387		|	29.7011
1388		|	29.7003
1389		|	29.6996
1390		|	29.6989
1391		|	29.6982
1392		|	29.6974
1393		|	29.6967
1394		|	29.696
1395		|	29.6953
1396		|	29.6946
1397		|	29.6938
1398		|	29.6931
1399		|	29.6924
1400		|	29.6917
1401		|	29.691
1402		|	29.6903
1403		|	29.6895
1404		|	29.6888
1405		|	29.6881
1406		|	29.6874
1407		|	29.6867
1408		|	29.686
1409		|	29.6852
1410		|	29.6845
1411		|	29.6838
1412		|	29.6831
1413		|	29.6824
1414		|	29.6817
1415		|	29.6809
1416		|	29.6802
1417		|	29.6795
1418		|	29.6788
1419		|	29.6781
1420		|	29.6774
1421		|	29.6767
1422		|	29.6759
1423		|	29.6752
1424		|	29.6745
1425		|	29.6738
1426		|	29.6731
1427		|	29.6724
1428		|	29.6717
1429		|	29.671
1430		|	29.6703
1431		|	29.6695
1432		|	29.6688
1433		|	29.6681
1434		|	29.6674
1435		|	29.6667
1436		|	29.666
1437		|	29.6653
1438		|	29.6646
1439		|	29.6639
1440		|	29.6632
1441		|	29.6624
1442		|	29.6617
1443		|	29.661
1444		|	29.6603
1445		|	29.6596
1446		|	29.6589
1447		|	29.6582
1448		|	29.6575
1449		|	29.6568
1450		|	29.6561
1451		|	29.6554
1452		|	29.6547
1453		|	29.654
1454		|	29.6532
1455		|	29.6525
1456		|	29.6518
1457		|	29.6511
1458		|	29.6504
1459		|	29.6497
1460		|	29.649
1461		|	29.6483
1462		|	29.6476
1463		|	29.6469
1464		|	29.6462
1465		|	29.6455
1466		|	29.6448
1467		|	29.6441
1468		|	29.6434
1469		|	29.6427
1470		|	29.642
1471		|	29.6413
1472		|	29.6406
1473		|	29.6399
1474		|	29.6392
1475		|	29.6385
1476		|	29.6378
1477		|	29.6371
1478		|	29.6364
1479		|	29.6357
1480		|	29.635
1481		|	29.6343
1482		|	29.6336
1483		|	29.6329
1484		|	29.6322
1485		|	29.6315
1486		|	29.6308
1487		|	29.6301
1488		|	29.6294
1489		|	29.6287
1490		|	29.628
1491		|	29.6273
1492		|	29.6266
1493		|	29.6259
1494		|	29.6252
1495		|	29.6245
1496		|	29.6238
1497		|	29.6231
1498		|	29.6224
1499		|	29.6217
1500		|	29.621
1501		|	29.6203
1502		|	29.6196
1503		|	29.6189
1504		|	29.6182
1505		|	29.6175
1506		|	29.6169
1507		|	29.6162
1508		|	29.6155
1509		|	29.6148
1510		|	29.6141
1511		|	29.6134
1512		|	29.6127
1513		|	29.612
1514		|	29.6113
1515		|	29.6106
1516		|	29.6099
1517		|	29.6092
1518		|	29.6085
1519		|	29.6078
1520		|	29.6072
1521		|	29.6065
1522		|	29.6058
1523		|	29.6051
1524		|	29.6044
1525		|	29.6037
1526		|	29.603
1527		|	29.6023
1528		|	29.6016
1529		|	29.6009
1530		|	29.6003
1531		|	29.5996
1532		|	29.5989
1533		|	29.5982
1534		|	29.5975
1535		|	29.5968
1536		|	29.5961
1537		|	29.5954
1538		|	29.5947
1539		|	29.5941
1540		|	29.5934
1541		|	29.5927
1542		|	29.592
1543		|	29.5913
1544		|	29.5906
1545		|	29.5899
1546		|	29.5893
1547		|	29.5886
1548		|	29.5879
1549		|	29.5872
1550		|	29.5865
1551		|	29.5858
1552		|	29.5851
1553		|	29.5845
1554		|	29.5838
1555		|	29.5831
1556		|	29.5824
1557		|	29.5817
1558		|	29.581
1559		|	29.5804
1560		|	29.5797
1561		|	29.579
1562		|	29.5783
1563		|	29.5776
1564		|	29.5769
1565		|	29.5763
1566		|	29.5756
1567		|	29.5749
1568		|	29.5742
1569		|	29.5735
1570		|	29.5728
1571		|	29.5722
1572		|	29.5715
1573		|	29.5708
1574		|	29.5701
1575		|	29.5694
1576		|	29.5688
1577		|	29.5681
1578		|	29.5674
1579		|	29.5667
1580		|	29.566
1581		|	29.5654
1582		|	29.5647
1583		|	29.564
1584		|	29.5633
1585		|	29.5627
1586		|	29.562
1587		|	29.5613
1588		|	29.5606
1589		|	29.5599
1590		|	29.5593
1591		|	29.5586
1592		|	29.5579
1593		|	29.5572
1594		|	29.5566
1595		|	29.5559
1596		|	29.5552
1597		|	29.5545
1598		|	29.5539
1599		|	29.5532
1600		|	29.5525
1601		|	29.5518
1602		|	29.5512
1603		|	29.5505
1604		|	29.5498
1605		|	29.5491
1606		|	29.5485
1607		|	29.5478
1608		|	29.5471
1609		|	29.5464
1610		|	29.5458
1611		|	29.5451
1612		|	29.5444
1613		|	29.5437
1614		|	29.5431
1615		|	29.5424
1616		|	29.5417
1617		|	29.5411
1618		|	29.5404
1619		|	29.5397
1620		|	29.539
1621		|	29.5384
1622		|	29.5377
1623		|	29.537
1624		|	29.5364
1625		|	29.5357
1626		|	29.535
1627		|	29.5344
1628		|	29.5337
1629		|	29.533
1630		|	29.5323
1631		|	29.5317
1632		|	29.531
1633		|	29.5303
1634		|	29.5297
1635		|	29.529
1636		|	29.5283
1637		|	29.5277
1638		|	29.527
1639		|	29.5263
1640		|	29.5257
1641		|	29.525
1642		|	29.5243
1643		|	29.5237
1644		|	29.523
1645		|	29.5223
1646		|	29.5217
1647		|	29.521
1648		|	29.5203
1649		|	29.5197
1650		|	29.519
1651		|	29.5183
1652		|	29.5177
1653		|	29.517
1654		|	29.5163
1655		|	29.5157
1656		|	29.515
1657		|	29.5143
1658		|	29.5137
1659		|	29.513
1660		|	29.5124
1661		|	29.5117
1662		|	29.511
1663		|	29.5104
1664		|	29.5097
1665		|	29.509
1666		|	29.5084
1667		|	29.5077
1668		|	29.507
1669		|	29.5064
1670		|	29.5057
1671		|	29.5051
1672		|	29.5044
1673		|	29.5037
1674		|	29.5031
1675		|	29.5024
1676		|	29.5018
1677		|	29.5011
1678		|	29.5004
1679		|	29.4998
1680		|	29.4991
1681		|	29.4985
1682		|	29.4978
1683		|	29.4971
1684		|	29.4965
1685		|	29.4958
1686		|	29.4952
1687		|	29.4945
1688		|	29.4938
1689		|	29.4932
1690		|	29.4925
1691		|	29.4919
1692		|	29.4912
1693		|	29.4906
1694		|	29.4899
1695		|	29.4892
1696		|	29.4886
1697		|	29.4879
1698		|	29.4873
1699		|	29.4866
1700		|	29.486
1701		|	29.4853
1702		|	29.4846
1703		|	29.484
1704		|	29.4833
1705		|	29.4827
1706		|	29.482
1707		|	29.4814
1708		|	29.4807
1709		|	29.4801
1710		|	29.4794
1711		|	29.4787
1712		|	29.4781
1713		|	29.4774
1714		|	29.4768
1715		|	29.4761
1716		|	29.4755
1717		|	29.4748
1718		|	29.4742
1719		|	29.4735
1720		|	29.4729
1721		|	29.4722
1722		|	29.4716
1723		|	29.4709
1724		|	29.4703
1725		|	29.4696
1726		|	29.4689
1727		|	29.4683
1728		|	29.4676
1729		|	29.467
1730		|	29.4663
1731		|	29.4657
1732		|	29.465
1733		|	29.4644
1734		|	29.4637
1735		|	29.4631
1736		|	29.4624
1737		|	29.4618
1738		|	29.4611
1739		|	29.4605
1740		|	29.4598
1741		|	29.4592
1742		|	29.4585
1743		|	29.4579
1744		|	29.4572
1745		|	29.4566
1746		|	29.4559
1747		|	29.4553
1748		|	29.4547
1749		|	29.454
1750		|	29.4534
1751		|	29.4527
1752		|	29.4521
1753		|	29.4514
1754		|	29.4508
1755		|	29.4501
1756		|	29.4495
1757		|	29.4488
1758		|	29.4482
1759		|	29.4475
1760		|	29.4469
1761		|	29.4462
1762		|	29.4456
1763		|	29.445
1764		|	29.4443
1765		|	29.4437
1766		|	29.443
1767		|	29.4424
1768		|	29.4417
1769		|	29.4411
1770		|	29.4404
1771		|	29.4398
1772		|	29.4391
1773		|	29.4385
1774		|	29.4379
1775		|	29.4372
1776		|	29.4366
1777		|	29.4359
1778		|	29.4353
1779		|	29.4346
1780		|	29.434
1781		|	29.4334
1782		|	29.4327
1783		|	29.4321
1784		|	29.4314
1785		|	29.4308
1786		|	29.4301
1787		|	29.4295
1788		|	29.4289
1789		|	29.4282
1790		|	29.4276
1791		|	29.4269
1792		|	29.4263
1793		|	29.4257
1794		|	29.425
1795		|	29.4244
1796		|	29.4237
1797		|	29.4231
1798		|	29.4225
1799		|	29.4218
1800		|	29.4212
1801		|	29.4205
1802		|	29.4199
1803		|	29.4193
1804		|	29.4186
1805		|	29.418
1806		|	29.4174
1807		|	29.4167
1808		|	29.4161
1809		|	29.4154
1810		|	29.4148
1811		|	29.4142
1812		|	29.4135
1813		|	29.4129
1814		|	29.4123
1815		|	29.4116
1816		|	29.411
1817		|	29.4103
1818		|	29.4097
1819		|	29.4091
1820		|	29.4084
1821		|	29.4078
1822		|	29.4072
1823		|	29.4065
1824		|	29.4059
1825		|	29.4053
1826		|	29.4046
1827		|	29.404
1828		|	29.4033
1829		|	29.4027
1830		|	29.4021
1831		|	29.4014
1832		|	29.4008
1833		|	29.4002
1834		|	29.3995
1835		|	29.3989
1836		|	29.3983
1837		|	29.3976
1838		|	29.397
1839		|	29.3964
1840		|	29.3957
1841		|	29.3951
1842		|	29.3945
1843		|	29.3938
1844		|	29.3932
1845		|	29.3926
1846		|	29.3919
1847		|	29.3913
1848		|	29.3907
1849		|	29.3901
1850		|	29.3894
1851		|	29.3888
1852		|	29.3882
1853		|	29.3875
1854		|	29.3869
1855		|	29.3863
1856		|	29.3856
1857		|	29.385
1858		|	29.3844
1859		|	29.3837
1860		|	29.3831
1861		|	29.3825
1862		|	29.3819
1863		|	29.3812
1864		|	29.3806
1865		|	29.38
1866		|	29.3793
1867		|	29.3787
1868		|	29.3781
1869		|	29.3775
1870		|	29.3768
1871		|	29.3762
1872		|	29.3756
1873		|	29.3749
1874		|	29.3743
1875		|	29.3737
1876		|	29.3731
1877		|	29.3724
1878		|	29.3718
1879		|	29.3712
1880		|	29.3706
1881		|	29.3699
1882		|	29.3693
1883		|	29.3687
1884		|	29.3681
1885		|	29.3674
1886		|	29.3668
1887		|	29.3662
1888		|	29.3655
1889		|	29.3649
1890		|	29.3643
1891		|	29.3637
1892		|	29.363
1893		|	29.3624
1894		|	29.3618
1895		|	29.3612
1896		|	29.3605
1897		|	29.3599
1898		|	29.3593
1899		|	29.3587
1900		|	29.3581
1901		|	29.3574
1902		|	29.3568
1903		|	29.3562
1904		|	29.3556
1905		|	29.3549
1906		|	29.3543
1907		|	29.3537
1908		|	29.3531
1909		|	29.3524
1910		|	29.3518
1911		|	29.3512
1912		|	29.3506
1913		|	29.35
1914		|	29.3493
1915		|	29.3487
1916		|	29.3481
1917		|	29.3475
1918		|	29.3469
1919		|	29.3462
1920		|	29.3456
1921		|	29.345
1922		|	29.3444
1923		|	29.3438
1924		|	29.3431
1925		|	29.3425
1926		|	29.3419
1927		|	29.3413
1928		|	29.3407
1929		|	29.34
1930		|	29.3394
1931		|	29.3388
1932		|	29.3382
1933		|	29.3376
1934		|	29.3369
1935		|	29.3363
1936		|	29.3357
1937		|	29.3351
1938		|	29.3345
1939		|	29.3338
1940		|	29.3332
1941		|	29.3326
1942		|	29.332
1943		|	29.3314
1944		|	29.3308
1945		|	29.3301
1946		|	29.3295
1947		|	29.3289
1948		|	29.3283
1949		|	29.3277
1950		|	29.3271
1951		|	29.3264
1952		|	29.3258
1953		|	29.3252
1954		|	29.3246
1955		|	29.324
1956		|	29.3234
1957		|	29.3228
1958		|	29.3221
1959		|	29.3215
1960		|	29.3209
1961		|	29.3203
1962		|	29.3197
1963		|	29.3191
1964		|	29.3185
1965		|	29.3178
1966		|	29.3172
1967		|	29.3166
1968		|	29.316
1969		|	29.3154
1970		|	29.3148
1971		|	29.3142
1972		|	29.3135
1973		|	29.3129
1974		|	29.3123
1975		|	29.3117
1976		|	29.3111
1977		|	29.3105
1978		|	29.3099
1979		|	29.3093
1980		|	29.3086
1981		|	29.308
1982		|	29.3074
1983		|	29.3068
1984		|	29.3062
1985		|	29.3056
1986		|	29.305
1987		|	29.3044
1988		|	29.3038
1989		|	29.3031
1990		|	29.3025
1991		|	29.3019
1992		|	29.3013
1993		|	29.3007
1994		|	29.3001
1995		|	29.2995
1996		|	29.2989
1997		|	29.2983
1998		|	29.2977
1999		|	29.297
2000		|	29.2964
2001		|	29.2958
2002		|	29.2952
2003		|	29.2946
2004		|	29.294
2005		|	29.2934
2006		|	29.2928
2007		|	29.2922
2008		|	29.2916
2009		|	29.291
2010		|	29.2904
2011		|	29.2897
2012		|	29.2891
2013		|	29.2885
2014		|	29.2879
2015		|	29.2873
2016		|	29.2867
2017		|	29.2861
2018		|	29.2855
2019		|	29.2849
2020		|	29.2843
2021		|	29.2837
2022		|	29.2831
2023		|	29.2825
2024		|	29.2819
2025		|	29.2813
2026		|	29.2806
2027		|	29.28
2028		|	29.2794
2029		|	29.2788
2030		|	29.2782
2031		|	29.2776
2032		|	29.277
2033		|	29.2764
2034		|	29.2758
2035		|	29.2752
2036		|	29.2746
2037		|	29.274
2038		|	29.2734
2039		|	29.2728
2040		|	29.2722
2041		|	29.2716
2042		|	29.271
2043		|	29.2704
2044		|	29.2698
2045		|	29.2692
2046		|	29.2686
2047		|	29.268
2048		|	29.2674
2049		|	29.2668
2050		|	29.2662
2051		|	29.2656
2052		|	29.265
2053		|	29.2643
2054		|	29.2637
2055		|	29.2631
2056		|	29.2625
2057		|	29.2619
2058		|	29.2613
2059		|	29.2607
2060		|	29.2601
2061		|	29.2595
2062		|	29.2589
2063		|	29.2583
2064		|	29.2577
2065		|	29.2571
2066		|	29.2565
2067		|	29.2559
2068		|	29.2553
2069		|	29.2547
2070		|	29.2541
2071		|	29.2535
2072		|	29.2529
2073		|	29.2523
2074		|	29.2517
2075		|	29.2511
2076		|	29.2505
2077		|	29.2499
2078		|	29.2493
2079		|	29.2487
2080		|	29.2481
2081		|	29.2476
2082		|	29.247
2083		|	29.2464
2084		|	29.2458
2085		|	29.2452
2086		|	29.2446
2087		|	29.244
2088		|	29.2434
2089		|	29.2428
2090		|	29.2422
2091		|	29.2416
2092		|	29.241
2093		|	29.2404
2094		|	29.2398
2095		|	29.2392
2096		|	29.2386
2097		|	29.238
2098		|	29.2374
2099		|	29.2368
2100		|	29.2362
2101		|	29.2356
2102		|	29.235
2103		|	29.2344
2104		|	29.2338
2105		|	29.2332
2106		|	29.2326
2107		|	29.232
2108		|	29.2315
2109		|	29.2309
2110		|	29.2303
2111		|	29.2297
2112		|	29.2291
2113		|	29.2285
2114		|	29.2279
2115		|	29.2273
2116		|	29.2267
2117		|	29.2261
2118		|	29.2255
2119		|	29.2249
2120		|	29.2243
2121		|	29.2237
2122		|	29.2231
2123		|	29.2225
2124		|	29.222
2125		|	29.2214
2126		|	29.2208
2127		|	29.2202
2128		|	29.2196
2129		|	29.219
2130		|	29.2184
2131		|	29.2178
2132		|	29.2172
2133		|	29.2166
2134		|	29.216
2135		|	29.2154
2136		|	29.2149
2137		|	29.2143
2138		|	29.2137
2139		|	29.2131
2140		|	29.2125
2141		|	29.2119
2142		|	29.2113
2143		|	29.2107
2144		|	29.2101
2145		|	29.2095
2146		|	29.209
2147		|	29.2084
2148		|	29.2078
2149		|	29.2072
2150		|	29.2066
2151		|	29.206
2152		|	29.2054
2153		|	29.2048
2154		|	29.2042
2155		|	29.2036
2156		|	29.2031
2157		|	29.2025
2158		|	29.2019
2159		|	29.2013
2160		|	29.2007
2161		|	29.2001
2162		|	29.1995
2163		|	29.1989
2164		|	29.1984
2165		|	29.1978
2166		|	29.1972
2167		|	29.1966
2168		|	29.196
2169		|	29.1954
2170		|	29.1948
2171		|	29.1942
2172		|	29.1937
2173		|	29.1931
2174		|	29.1925
2175		|	29.1919
2176		|	29.1913
2177		|	29.1907
2178		|	29.1901
2179		|	29.1896
2180		|	29.189
2181		|	29.1884
2182		|	29.1878
2183		|	29.1872
2184		|	29.1866
2185		|	29.186
2186		|	29.1855
2187		|	29.1849
2188		|	29.1843
2189		|	29.1837
2190		|	29.1831
2191		|	29.1825
2192		|	29.182
2193		|	29.1814
2194		|	29.1808
2195		|	29.1802
2196		|	29.1796
2197		|	29.179
2198		|	29.1785
2199		|	29.1779
2200		|	29.1773
2201		|	29.1767
2202		|	29.1761
2203		|	29.1755
2204		|	29.175
2205		|	29.1744
2206		|	29.1738
2207		|	29.1732
2208		|	29.1726
2209		|	29.172
2210		|	29.1715
2211		|	29.1709
2212		|	29.1703
2213		|	29.1697
2214		|	29.1691
2215		|	29.1686
2216		|	29.168
2217		|	29.1674
2218		|	29.1668
2219		|	29.1662
2220		|	29.1656
2221		|	29.1651
2222		|	29.1645
2223		|	29.1639
2224		|	29.1633
2225		|	29.1627
2226		|	29.1622
2227		|	29.1616
2228		|	29.161
2229		|	29.1604
2230		|	29.1598
2231		|	29.1593
2232		|	29.1587
2233		|	29.1581
2234		|	29.1575
2235		|	29.157
2236		|	29.1564
2237		|	29.1558
2238		|	29.1552
2239		|	29.1546
2240		|	29.1541
2241		|	29.1535
2242		|	29.1529
2243		|	29.1523
2244		|	29.1517
2245		|	29.1512
2246		|	29.1506
2247		|	29.15
2248		|	29.1494
2249		|	29.1489
2250		|	29.1483
2251		|	29.1477
2252		|	29.1471
2253		|	29.1466
2254		|	29.146
2255		|	29.1454
2256		|	29.1448
2257		|	29.1442
2258		|	29.1437
2259		|	29.1431
2260		|	29.1425
2261		|	29.1419
2262		|	29.1414
2263		|	29.1408
2264		|	29.1402
2265		|	29.1396
2266		|	29.1391
2267		|	29.1385
2268		|	29.1379
2269		|	29.1373
2270		|	29.1368
2271		|	29.1362
2272		|	29.1356
2273		|	29.135
2274		|	29.1345
2275		|	29.1339
2276		|	29.1333
2277		|	29.1327
2278		|	29.1322
2279		|	29.1316
2280		|	29.131
2281		|	29.1304
2282		|	29.1299
2283		|	29.1293
2284		|	29.1287
2285		|	29.1282
2286		|	29.1276
2287		|	29.127
2288		|	29.1264
2289		|	29.1259
2290		|	29.1253
2291		|	29.1247
2292		|	29.1241
2293		|	29.1236
2294		|	29.123
2295		|	29.1224
2296		|	29.1219
2297		|	29.1213
2298		|	29.1207
2299		|	29.1201
2300		|	29.1196
2301		|	29.119
2302		|	29.1184
2303		|	29.1179
2304		|	29.1173
2305		|	29.1167
2306		|	29.1161
2307		|	29.1156
2308		|	29.115
2309		|	29.1144
2310		|	29.1139
2311		|	29.1133
2312		|	29.1127
2313		|	29.1122
2314		|	29.1116
2315		|	29.111
2316		|	29.1104
2317		|	29.1099
2318		|	29.1093
2319		|	29.1087
2320		|	29.1082
2321		|	29.1076
2322		|	29.107
2323		|	29.1065
2324		|	29.1059
2325		|	29.1053
2326		|	29.1048
2327		|	29.1042
2328		|	29.1036
2329		|	29.103
2330		|	29.1025
2331		|	29.1019
2332		|	29.1013
2333		|	29.1008
2334		|	29.1002
2335		|	29.0996
2336		|	29.0991
2337		|	29.0985
2338		|	29.0979
2339		|	29.0974
2340		|	29.0968
2341		|	29.0962
2342		|	29.0957
2343		|	29.0951
2344		|	29.0945
2345		|	29.094
2346		|	29.0934
2347		|	29.0928
2348		|	29.0923
2349		|	29.0917
2350		|	29.0911
2351		|	29.0906
2352		|	29.09
2353		|	29.0894
2354		|	29.0889
2355		|	29.0883
2356		|	29.0877
2357		|	29.0872
2358		|	29.0866
2359		|	29.0861
2360		|	29.0855
2361		|	29.0849
2362		|	29.0844
2363		|	29.0838
2364		|	29.0832
2365		|	29.0827
2366		|	29.0821
2367		|	29.0815
2368		|	29.081
2369		|	29.0804
2370		|	29.0798
2371		|	29.0793
2372		|	29.0787
2373		|	29.0782
2374		|	29.0776
2375		|	29.077
2376		|	29.0765
2377		|	29.0759
2378		|	29.0753
2379		|	29.0748
2380		|	29.0742
2381		|	29.0737
2382		|	29.0731
2383		|	29.0725
2384		|	29.072
2385		|	29.0714
2386		|	29.0708
2387		|	29.0703
2388		|	29.0697
2389		|	29.0692
2390		|	29.0686
2391		|	29.068
2392		|	29.0675
2393		|	29.0669
2394		|	29.0664
2395		|	29.0658
2396		|	29.0652
2397		|	29.0647
2398		|	29.0641
2399		|	29.0635
2400		|	29.063
2401		|	29.0624
2402		|	29.0619
2403		|	29.0613
2404		|	29.0607
2405		|	29.0602
2406		|	29.0596
2407		|	29.0591
2408		|	29.0585
2409		|	29.0579
2410		|	29.0574
2411		|	29.0568
2412		|	29.0563
2413		|	29.0557
2414		|	29.0552
2415		|	29.0546
2416		|	29.054
2417		|	29.0535
2418		|	29.0529
2419		|	29.0524
2420		|	29.0518
2421		|	29.0512
2422		|	29.0507
2423		|	29.0501
2424		|	29.0496
2425		|	29.049
2426		|	29.0485
2427		|	29.0479
2428		|	29.0473
2429		|	29.0468
2430		|	29.0462
2431		|	29.0457
2432		|	29.0451
2433		|	29.0446
2434		|	29.044
2435		|	29.0434
2436		|	29.0429
2437		|	29.0423
2438		|	29.0418
2439		|	29.0412
2440		|	29.0407
2441		|	29.0401
2442		|	29.0395
2443		|	29.039
2444		|	29.0384
2445		|	29.0379
2446		|	29.0373
2447		|	29.0368
2448		|	29.0362
2449		|	29.0357
2450		|	29.0351
2451		|	29.0345
2452		|	29.034
2453		|	29.0334
2454		|	29.0329
2455		|	29.0323
2456		|	29.0318
2457		|	29.0312
2458		|	29.0307
2459		|	29.0301
2460		|	29.0296
2461		|	29.029
2462		|	29.0284
2463		|	29.0279
2464		|	29.0273
2465		|	29.0268
2466		|	29.0262
2467		|	29.0257
2468		|	29.0251
2469		|	29.0246
2470		|	29.024
2471		|	29.0235
2472		|	29.0229
2473		|	29.0224
2474		|	29.0218
2475		|	29.0212
2476		|	29.0207
2477		|	29.0201
2478		|	29.0196
2479		|	29.019
2480		|	29.0185
2481		|	29.0179
2482		|	29.0174
2483		|	29.0168
2484		|	29.0163
2485		|	29.0157
2486		|	29.0152
2487		|	29.0146
2488		|	29.0141
2489		|	29.0135
2490		|	29.013
2491		|	29.0124
2492		|	29.0119
2493		|	29.0113
2494		|	29.0108
2495		|	29.0102
2496		|	29.0097
2497		|	29.0091
2498		|	29.0086
2499		|	29.008
2500		|	29.0075
2501		|	29.0069
2502		|	29.0064
2503		|	29.0058
2504		|	29.0053
2505		|	29.0047
2506		|	29.0042
2507		|	29.0036
2508		|	29.0031
2509		|	29.0025
2510		|	29.002
2511		|	29.0014
2512		|	29.0009
2513		|	29.0003
2514		|	28.9998
2515		|	28.9992
2516		|	28.9987
2517		|	28.9981
2518		|	28.9976
2519		|	28.997
2520		|	28.9965
2521		|	28.9959
2522		|	28.9954
2523		|	28.9948
2524		|	28.9943
2525		|	28.9937
2526		|	28.9932
2527		|	28.9926
2528		|	28.9921
2529		|	28.9916
2530		|	28.991
2531		|	28.9905
2532		|	28.9899
2533		|	28.9894
2534		|	28.9888
2535		|	28.9883
2536		|	28.9877
2537		|	28.9872
2538		|	28.9866
2539		|	28.9861
2540		|	28.9855
2541		|	28.985
2542		|	28.9844
2543		|	28.9839
2544		|	28.9834
2545		|	28.9828
2546		|	28.9823
2547		|	28.9817
2548		|	28.9812
2549		|	28.9806
2550		|	28.9801
2551		|	28.9795
2552		|	28.979
2553		|	28.9784
2554		|	28.9779
2555		|	28.9774
2556		|	28.9768
2557		|	28.9763
2558		|	28.9757
2559		|	28.9752
2560		|	28.9746
2561		|	28.9741
2562		|	28.9735
2563		|	28.973
2564		|	28.9725
2565		|	28.9719
2566		|	28.9714
2567		|	28.9708
2568		|	28.9703
2569		|	28.9697
2570		|	28.9692
2571		|	28.9686
2572		|	28.9681
2573		|	28.9676
2574		|	28.967
2575		|	28.9665
2576		|	28.9659
2577		|	28.9654
2578		|	28.9648
2579		|	28.9643
2580		|	28.9638
2581		|	28.9632
2582		|	28.9627
2583		|	28.9621
2584		|	28.9616
2585		|	28.9611
2586		|	28.9605
2587		|	28.96
2588		|	28.9594
2589		|	28.9589
2590		|	28.9583
2591		|	28.9578
2592		|	28.9573
2593		|	28.9567
2594		|	28.9562
2595		|	28.9556
2596		|	28.9551
2597		|	28.9546
2598		|	28.954
2599		|	28.9535
2600		|	28.9529
2601		|	28.9524
2602		|	28.9519
2603		|	28.9513
2604		|	28.9508
2605		|	28.9502
2606		|	28.9497
2607		|	28.9492
2608		|	28.9486
2609		|	28.9481
2610		|	28.9475
2611		|	28.947
2612		|	28.9465
2613		|	28.9459
2614		|	28.9454
2615		|	28.9448
2616		|	28.9443
2617		|	28.9438
2618		|	28.9432
2619		|	28.9427
2620		|	28.9421
2621		|	28.9416
2622		|	28.9411
2623		|	28.9405
2624		|	28.94
2625		|	28.9395
2626		|	28.9389
2627		|	28.9384
2628		|	28.9378
2629		|	28.9373
2630		|	28.9368
2631		|	28.9362
2632		|	28.9357
2633		|	28.9352
2634		|	28.9346
2635		|	28.9341
2636		|	28.9335
2637		|	28.933
2638		|	28.9325
2639		|	28.9319
2640		|	28.9314
2641		|	28.9309
2642		|	28.9303
2643		|	28.9298
2644		|	28.9292
2645		|	28.9287
2646		|	28.9282
2647		|	28.9276
2648		|	28.9271
2649		|	28.9266
2650		|	28.926
2651		|	28.9255
2652		|	28.925
2653		|	28.9244
2654		|	28.9239
2655		|	28.9233
2656		|	28.9228
2657		|	28.9223
2658		|	28.9217
2659		|	28.9212
2660		|	28.9207
2661		|	28.9201
2662		|	28.9196
2663		|	28.9191
2664		|	28.9185
2665		|	28.918
2666		|	28.9175
2667		|	28.9169
2668		|	28.9164
2669		|	28.9159
2670		|	28.9153
2671		|	28.9148
2672		|	28.9143
2673		|	28.9137
2674		|	28.9132
2675		|	28.9127
2676		|	28.9121
2677		|	28.9116
2678		|	28.9111
2679		|	28.9105
2680		|	28.91
2681		|	28.9095
2682		|	28.9089
2683		|	28.9084
2684		|	28.9079
2685		|	28.9073
2686		|	28.9068
2687		|	28.9063
2688		|	28.9057
2689		|	28.9052
2690		|	28.9047
2691		|	28.9041
2692		|	28.9036
2693		|	28.9031
2694		|	28.9025
2695		|	28.902
2696		|	28.9015
2697		|	28.9009
2698		|	28.9004
2699		|	28.8999
2700		|	28.8993
2701		|	28.8988
2702		|	28.8983
2703		|	28.8978
2704		|	28.8972
2705		|	28.8967
2706		|	28.8962
2707		|	28.8956
2708		|	28.8951
2709		|	28.8946
2710		|	28.894
2711		|	28.8935
2712		|	28.893
2713		|	28.8924
2714		|	28.8919
2715		|	28.8914
2716		|	28.8909
2717		|	28.8903
2718		|	28.8898
2719		|	28.8893
2720		|	28.8887
2721		|	28.8882
2722		|	28.8877
2723		|	28.8871
2724		|	28.8866
2725		|	28.8861
2726		|	28.8856
2727		|	28.885
2728		|	28.8845
2729		|	28.884
2730		|	28.8834
2731		|	28.8829
2732		|	28.8824
2733		|	28.8819
2734		|	28.8813
2735		|	28.8808
2736		|	28.8803
2737		|	28.8797
2738		|	28.8792
2739		|	28.8787
2740		|	28.8782
2741		|	28.8776
2742		|	28.8771
2743		|	28.8766
2744		|	28.8761
2745		|	28.8755
2746		|	28.875
2747		|	28.8745
2748		|	28.8739
2749		|	28.8734
2750		|	28.8729
2751		|	28.8724
2752		|	28.8718
2753		|	28.8713
2754		|	28.8708
2755		|	28.8703
2756		|	28.8697
2757		|	28.8692
2758		|	28.8687
2759		|	28.8681
2760		|	28.8676
2761		|	28.8671
2762		|	28.8666
2763		|	28.866
2764		|	28.8655
2765		|	28.865
2766		|	28.8645
2767		|	28.8639
2768		|	28.8634
2769		|	28.8629
2770		|	28.8624
2771		|	28.8618
2772		|	28.8613
2773		|	28.8608
2774		|	28.8603
2775		|	28.8597
2776		|	28.8592
2777		|	28.8587
2778		|	28.8582
2779		|	28.8576
2780		|	28.8571
2781		|	28.8566
2782		|	28.8561
2783		|	28.8555
2784		|	28.855
2785		|	28.8545
2786		|	28.854
2787		|	28.8534
2788		|	28.8529
2789		|	28.8524
2790		|	28.8519
2791		|	28.8514
2792		|	28.8508
2793		|	28.8503
2794		|	28.8498
2795		|	28.8493
2796		|	28.8487
2797		|	28.8482
2798		|	28.8477
2799		|	28.8472
2800		|	28.8466
2801		|	28.8461
2802		|	28.8456
2803		|	28.8451
2804		|	28.8446
2805		|	28.844
2806		|	28.8435
2807		|	28.843
2808		|	28.8425
2809		|	28.8419
2810		|	28.8414
2811		|	28.8409
2812		|	28.8404
2813		|	28.8399
2814		|	28.8393
2815		|	28.8388
2816		|	28.8383
2817		|	28.8378
2818		|	28.8373
2819		|	28.8367
2820		|	28.8362
2821		|	28.8357
2822		|	28.8352
2823		|	28.8346
2824		|	28.8341
2825		|	28.8336
2826		|	28.8331
2827		|	28.8326
2828		|	28.832
2829		|	28.8315
2830		|	28.831
2831		|	28.8305
2832		|	28.83
2833		|	28.8294
2834		|	28.8289
2835		|	28.8284
2836		|	28.8279
2837		|	28.8274
2838		|	28.8268
2839		|	28.8263
2840		|	28.8258
2841		|	28.8253
2842		|	28.8248
2843		|	28.8242
2844		|	28.8237
2845		|	28.8232
2846		|	28.8227
2847		|	28.8222
2848		|	28.8216
2849		|	28.8211
2850		|	28.8206
2851		|	28.8201
2852		|	28.8196
2853		|	28.8191
2854		|	28.8185
2855		|	28.818
2856		|	28.8175
2857		|	28.817
2858		|	28.8165
2859		|	28.8159
2860		|	28.8154
2861		|	28.8149
2862		|	28.8144
2863		|	28.8139
2864		|	28.8134
2865		|	28.8128
2866		|	28.8123
2867		|	28.8118
2868		|	28.8113
2869		|	28.8108
2870		|	28.8103
2871		|	28.8097
2872		|	28.8092
2873		|	28.8087
2874		|	28.8082
2875		|	28.8077
2876		|	28.8072
2877		|	28.8066
2878		|	28.8061
2879		|	28.8056
2880		|	28.8051
2881		|	28.8046
2882		|	28.8041
2883		|	28.8035
2884		|	28.803
2885		|	28.8025
2886		|	28.802
2887		|	28.8015
2888		|	28.801
2889		|	28.8004
2890		|	28.7999
2891		|	28.7994
2892		|	28.7989
2893		|	28.7984
2894		|	28.7979
2895		|	28.7974
2896		|	28.7968
2897		|	28.7963
2898		|	28.7958
2899		|	28.7953
2900		|	28.7948
2901		|	28.7943
2902		|	28.7938
2903		|	28.7932
2904		|	28.7927
2905		|	28.7922
2906		|	28.7917
2907		|	28.7912
2908		|	28.7907
2909		|	28.7902
2910		|	28.7896
2911		|	28.7891
2912		|	28.7886
2913		|	28.7881
2914		|	28.7876
2915		|	28.7871
2916		|	28.7866
2917		|	28.786
2918		|	28.7855
2919		|	28.785
2920		|	28.7845
2921		|	28.784
2922		|	28.7835
2923		|	28.783
2924		|	28.7825
2925		|	28.7819
2926		|	28.7814
2927		|	28.7809
2928		|	28.7804
2929		|	28.7799
2930		|	28.7794
2931		|	28.7789
2932		|	28.7784
2933		|	28.7778
2934		|	28.7773
2935		|	28.7768
2936		|	28.7763
2937		|	28.7758
2938		|	28.7753
2939		|	28.7748
2940		|	28.7743
2941		|	28.7738
2942		|	28.7732
2943		|	28.7727
2944		|	28.7722
2945		|	28.7717
2946		|	28.7712
2947		|	28.7707
2948		|	28.7702
2949		|	28.7697
2950		|	28.7692
2951		|	28.7686
2952		|	28.7681
2953		|	28.7676
2954		|	28.7671
2955		|	28.7666
2956		|	28.7661
2957		|	28.7656
2958		|	28.7651
2959		|	28.7646
2960		|	28.7641
2961		|	28.7635
2962		|	28.763
2963		|	28.7625
2964		|	28.762
2965		|	28.7615
2966		|	28.761
2967		|	28.7605
2968		|	28.76
2969		|	28.7595
2970		|	28.759
2971		|	28.7584
2972		|	28.7579
2973		|	28.7574
2974		|	28.7569
2975		|	28.7564
2976		|	28.7559
2977		|	28.7554
2978		|	28.7549
2979		|	28.7544
2980		|	28.7539
2981		|	28.7534
2982		|	28.7529
2983		|	28.7523
2984		|	28.7518
2985		|	28.7513
2986		|	28.7508
2987		|	28.7503
2988		|	28.7498
2989		|	28.7493
2990		|	28.7488
2991		|	28.7483
2992		|	28.7478
2993		|	28.7473
2994		|	28.7468
2995		|	28.7463
2996		|	28.7457
2997		|	28.7452
2998		|	28.7447
2999		|	28.7442
3000		|	28.7437
3001		|	28.7432
3002		|	28.7427
3003		|	28.7422
3004		|	28.7417
3005		|	28.7412
3006		|	28.7407
3007		|	28.7402
3008		|	28.7397
3009		|	28.7392
3010		|	28.7387
3011		|	28.7381
3012		|	28.7376
3013		|	28.7371
3014		|	28.7366
3015		|	28.7361
3016		|	28.7356
3017		|	28.7351
3018		|	28.7346
3019		|	28.7341
3020		|	28.7336
3021		|	28.7331
3022		|	28.7326
3023		|	28.7321
3024		|	28.7316
3025		|	28.7311
3026		|	28.7306
3027		|	28.7301
3028		|	28.7296
3029		|	28.7291
3030		|	28.7285
3031		|	28.728
3032		|	28.7275
3033		|	28.727
3034		|	28.7265
3035		|	28.726
3036		|	28.7255
3037		|	28.725
3038		|	28.7245
3039		|	28.724
3040		|	28.7235
3041		|	28.723
3042		|	28.7225
3043		|	28.722
3044		|	28.7215
3045		|	28.721
3046		|	28.7205
3047		|	28.72
3048		|	28.7195
3049		|	28.719
3050		|	28.7185
3051		|	28.718
3052		|	28.7175
3053		|	28.717
3054		|	28.7165
3055		|	28.716
3056		|	28.7155
3057		|	28.7149
3058		|	28.7144
3059		|	28.7139
3060		|	28.7134
3061		|	28.7129
3062		|	28.7124
3063		|	28.7119
3064		|	28.7114
3065		|	28.7109
3066		|	28.7104
3067		|	28.7099
3068		|	28.7094
3069		|	28.7089
3070		|	28.7084
3071		|	28.7079
3072		|	28.7074
3073		|	28.7069
3074		|	28.7064
3075		|	28.7059
3076		|	28.7054
3077		|	28.7049
3078		|	28.7044
3079		|	28.7039
3080		|	28.7034
3081		|	28.7029
3082		|	28.7024
3083		|	28.7019
3084		|	28.7014
3085		|	28.7009
3086		|	28.7004
3087		|	28.6999
3088		|	28.6994
3089		|	28.6989
3090		|	28.6984
3091		|	28.6979
3092		|	28.6974
3093		|	28.6969
3094		|	28.6964
3095		|	28.6959
3096		|	28.6954
3097		|	28.6949
3098		|	28.6944
3099		|	28.6939
3100		|	28.6934
3101		|	28.6929
3102		|	28.6924
3103		|	28.6919
3104		|	28.6914
3105		|	28.6909
3106		|	28.6904
3107		|	28.6899
3108		|	28.6894
3109		|	28.6889
3110		|	28.6884
3111		|	28.6879
3112		|	28.6874
3113		|	28.6869
3114		|	28.6864
3115		|	28.6859
3116		|	28.6854
3117		|	28.6849
3118		|	28.6844
3119		|	28.6839
3120		|	28.6834
3121		|	28.6829
3122		|	28.6824
3123		|	28.6819
3124		|	28.6814
3125		|	28.6809
3126		|	28.6804
3127		|	28.6799
3128		|	28.6794
3129		|	28.679
3130		|	28.6785
3131		|	28.678
3132		|	28.6775
3133		|	28.677
3134		|	28.6765
3135		|	28.676
3136		|	28.6755
3137		|	28.675
3138		|	28.6745
3139		|	28.674
3140		|	28.6735
3141		|	28.673
3142		|	28.6725
3143		|	28.672
3144		|	28.6715
3145		|	28.671
3146		|	28.6705
3147		|	28.67
3148		|	28.6695
3149		|	28.669
3150		|	28.6685
3151		|	28.668
3152		|	28.6675
3153		|	28.667
3154		|	28.6665
3155		|	28.666
3156		|	28.6655
3157		|	28.6651
3158		|	28.6646
3159		|	28.6641
3160		|	28.6636
3161		|	28.6631
3162		|	28.6626
3163		|	28.6621
3164		|	28.6616
3165		|	28.6611
3166		|	28.6606
3167		|	28.6601
3168		|	28.6596
3169		|	28.6591
3170		|	28.6586
3171		|	28.6581
3172		|	28.6576
3173		|	28.6571
3174		|	28.6566
3175		|	28.6561
3176		|	28.6557
3177		|	28.6552
3178		|	28.6547
3179		|	28.6542
3180		|	28.6537
3181		|	28.6532
3182		|	28.6527
3183		|	28.6522
3184		|	28.6517
3185		|	28.6512
3186		|	28.6507
3187		|	28.6502
3188		|	28.6497
3189		|	28.6492
3190		|	28.6487
3191		|	28.6482
3192		|	28.6478
3193		|	28.6473
3194		|	28.6468
3195		|	28.6463
3196		|	28.6458
3197		|	28.6453
3198		|	28.6448
3199		|	28.6443
3200		|	28.6438
3201		|	28.6433
3202		|	28.6428
3203		|	28.6423
3204		|	28.6418
3205		|	28.6414
3206		|	28.6409
3207		|	28.6404
3208		|	28.6399
3209		|	28.6394
3210		|	28.6389
3211		|	28.6384
3212		|	28.6379
3213		|	28.6374
3214		|	28.6369
3215		|	28.6364
3216		|	28.6359
3217		|	28.6355
3218		|	28.635
3219		|	28.6345
3220		|	28.634
3221		|	28.6335
3222		|	28.633
3223		|	28.6325
3224		|	28.632
3225		|	28.6315
3226		|	28.631
3227		|	28.6305
3228		|	28.6301
3229		|	28.6296
3230		|	28.6291
3231		|	28.6286
3232		|	28.6281
3233		|	28.6276
3234		|	28.6271
3235		|	28.6266
3236		|	28.6261
3237		|	28.6256
3238		|	28.6251
3239		|	28.6247
3240		|	28.6242
3241		|	28.6237
3242		|	28.6232
3243		|	28.6227
3244		|	28.6222
3245		|	28.6217
3246		|	28.6212
3247		|	28.6207
3248		|	28.6203
3249		|	28.6198
3250		|	28.6193
3251		|	28.6188
3252		|	28.6183
3253		|	28.6178
3254		|	28.6173
3255		|	28.6168
3256		|	28.6163
3257		|	28.6159
3258		|	28.6154
3259		|	28.6149
3260		|	28.6144
3261		|	28.6139
3262		|	28.6134
3263		|	28.6129
3264		|	28.6124
3265		|	28.6119
3266		|	28.6115
3267		|	28.611
3268		|	28.6105
3269		|	28.61
3270		|	28.6095
3271		|	28.609
3272		|	28.6085
3273		|	28.608
3274		|	28.6076
3275		|	28.6071
3276		|	28.6066
3277		|	28.6061
3278		|	28.6056
3279		|	28.6051
3280		|	28.6046
3281		|	28.6041
3282		|	28.6037
3283		|	28.6032
3284		|	28.6027
3285		|	28.6022
3286		|	28.6017
3287		|	28.6012
3288		|	28.6007
3289		|	28.6003
3290		|	28.5998
3291		|	28.5993
3292		|	28.5988
3293		|	28.5983
3294		|	28.5978
3295		|	28.5973
3296		|	28.5968
3297		|	28.5964
3298		|	28.5959
3299		|	28.5954
3300		|	28.5949
3301		|	28.5944
3302		|	28.5939
3303		|	28.5934
3304		|	28.593
3305		|	28.5925
3306		|	28.592
3307		|	28.5915
3308		|	28.591
3309		|	28.5905
3310		|	28.5901
3311		|	28.5896
3312		|	28.5891
3313		|	28.5886
3314		|	28.5881
3315		|	28.5876
3316		|	28.5871
3317		|	28.5867
3318		|	28.5862
3319		|	28.5857
3320		|	28.5852
3321		|	28.5847
3322		|	28.5842
3323		|	28.5838
3324		|	28.5833
3325		|	28.5828
3326		|	28.5823
3327		|	28.5818
3328		|	28.5813
3329		|	28.5808
3330		|	28.5804
3331		|	28.5799
3332		|	28.5794
3333		|	28.5789
3334		|	28.5784
3335		|	28.5779
3336		|	28.5775
3337		|	28.577
3338		|	28.5765
3339		|	28.576
3340		|	28.5755
3341		|	28.575
3342		|	28.5746
3343		|	28.5741
3344		|	28.5736
3345		|	28.5731
3346		|	28.5726
3347		|	28.5721
3348		|	28.5717
3349		|	28.5712
3350		|	28.5707
3351		|	28.5702
3352		|	28.5697
3353		|	28.5693
3354		|	28.5688
3355		|	28.5683
3356		|	28.5678
3357		|	28.5673
3358		|	28.5668
3359		|	28.5664
3360		|	28.5659
3361		|	28.5654
3362		|	28.5649
3363		|	28.5644
3364		|	28.564
3365		|	28.5635
3366		|	28.563
3367		|	28.5625
3368		|	28.562
3369		|	28.5615
3370		|	28.5611
3371		|	28.5606
3372		|	28.5601
3373		|	28.5596
3374		|	28.5591
3375		|	28.5587
3376		|	28.5582
3377		|	28.5577
3378		|	28.5572
3379		|	28.5567
3380		|	28.5563
3381		|	28.5558
3382		|	28.5553
3383		|	28.5548
3384		|	28.5543
3385		|	28.5539
3386		|	28.5534
3387		|	28.5529
3388		|	28.5524
3389		|	28.5519
3390		|	28.5514
3391		|	28.551
3392		|	28.5505
3393		|	28.55
3394		|	28.5495
3395		|	28.5491
3396		|	28.5486
3397		|	28.5481
3398		|	28.5476
3399		|	28.5471
3400		|	28.5467
3401		|	28.5462
3402		|	28.5457
3403		|	28.5452
3404		|	28.5447
3405		|	28.5443
3406		|	28.5438
3407		|	28.5433
3408		|	28.5428
3409		|	28.5423
3410		|	28.5419
3411		|	28.5414
3412		|	28.5409
3413		|	28.5404
3414		|	28.5399
3415		|	28.5395
3416		|	28.539
3417		|	28.5385
3418		|	28.538
3419		|	28.5376
3420		|	28.5371
3421		|	28.5366
3422		|	28.5361
3423		|	28.5356
3424		|	28.5352
3425		|	28.5347
3426		|	28.5342
3427		|	28.5337
3428		|	28.5333
3429		|	28.5328
3430		|	28.5323
3431		|	28.5318
3432		|	28.5313
3433		|	28.5309
3434		|	28.5304
3435		|	28.5299
3436		|	28.5294
3437		|	28.529
3438		|	28.5285
3439		|	28.528
3440		|	28.5275
3441		|	28.5271
3442		|	28.5266
3443		|	28.5261
3444		|	28.5256
3445		|	28.5251
3446		|	28.5247
3447		|	28.5242
3448		|	28.5237
3449		|	28.5232
3450		|	28.5228
3451		|	28.5223
3452		|	28.5218
3453		|	28.5213
3454		|	28.5209
3455		|	28.5204
3456		|	28.5199
3457		|	28.5194
3458		|	28.519
3459		|	28.5185
3460		|	28.518
3461		|	28.5175
3462		|	28.5171
3463		|	28.5166
3464		|	28.5161
3465		|	28.5156
3466		|	28.5151
3467		|	28.5147
3468		|	28.5142
3469		|	28.5137
3470		|	28.5132
3471		|	28.5128
3472		|	28.5123
3473		|	28.5118
3474		|	28.5113
3475		|	28.5109
3476		|	28.5104
3477		|	28.5099
3478		|	28.5095
3479		|	28.509
3480		|	28.5085
3481		|	28.508
3482		|	28.5076
3483		|	28.5071
3484		|	28.5066
3485		|	28.5061
3486		|	28.5057
3487		|	28.5052
3488		|	28.5047
3489		|	28.5042
3490		|	28.5038
3491		|	28.5033
3492		|	28.5028
3493		|	28.5023
3494		|	28.5019
3495		|	28.5014
3496		|	28.5009
3497		|	28.5004
3498		|	28.5
3499		|	28.4995
3500		|	28.499
3501		|	28.4986
3502		|	28.4981
3503		|	28.4976
3504		|	28.4971
3505		|	28.4967
3506		|	28.4962
3507		|	28.4957
3508		|	28.4952
3509		|	28.4948
3510		|	28.4943
3511		|	28.4938
3512		|	28.4933
3513		|	28.4929
3514		|	28.4924
3515		|	28.4919
3516		|	28.4915
3517		|	28.491
3518		|	28.4905
3519		|	28.49
3520		|	28.4896
3521		|	28.4891
3522		|	28.4886
3523		|	28.4882
3524		|	28.4877
3525		|	28.4872
3526		|	28.4867
3527		|	28.4863
3528		|	28.4858
3529		|	28.4853
3530		|	28.4849
3531		|	28.4844
3532		|	28.4839
3533		|	28.4834
3534		|	28.483
3535		|	28.4825
3536		|	28.482
3537		|	28.4816
3538		|	28.4811
3539		|	28.4806
3540		|	28.4801
3541		|	28.4797
3542		|	28.4792
3543		|	28.4787
3544		|	28.4783
3545		|	28.4778
3546		|	28.4773
3547		|	28.4768
3548		|	28.4764
3549		|	28.4759
3550		|	28.4754
3551		|	28.475
3552		|	28.4745
3553		|	28.474
3554		|	28.4736
3555		|	28.4731
3556		|	28.4726
3557		|	28.4721
3558		|	28.4717
3559		|	28.4712
3560		|	28.4707
3561		|	28.4703
3562		|	28.4698
3563		|	28.4693
3564		|	28.4689
3565		|	28.4684
3566		|	28.4679
3567		|	28.4674
3568		|	28.467
3569		|	28.4665
3570		|	28.466
3571		|	28.4656
3572		|	28.4651
3573		|	28.4646
3574		|	28.4642
3575		|	28.4637
3576		|	28.4632
3577		|	28.4628
3578		|	28.4623
3579		|	28.4618
3580		|	28.4614
3581		|	28.4609
3582		|	28.4604
3583		|	28.4599
3584		|	28.4595
3585		|	28.459
3586		|	28.4585
3587		|	28.4581
3588		|	28.4576
3589		|	28.4571
3590		|	28.4567
3591		|	28.4562
3592		|	28.4557
3593		|	28.4553
3594		|	28.4548
3595		|	28.4543
3596		|	28.4539
3597		|	28.4534
3598		|	28.4529
3599		|	28.4525
3600		|	28.452
3601		|	28.4515
3602		|	28.4511
3603		|	28.4506
3604		|	28.4501
3605		|	28.4497
3606		|	28.4492
3607		|	28.4487
3608		|	28.4483
3609		|	28.4478
3610		|	28.4473
3611		|	28.4469
3612		|	28.4464
3613		|	28.4459
3614		|	28.4455
3615		|	28.445
3616		|	28.4445
3617		|	28.4441
3618		|	28.4436
3619		|	28.4431
3620		|	28.4427
3621		|	28.4422
3622		|	28.4417
3623		|	28.4413
3624		|	28.4408
3625		|	28.4403
3626		|	28.4399
3627		|	28.4394
3628		|	28.4389
3629		|	28.4385
3630		|	28.438
3631		|	28.4375
3632		|	28.4371
3633		|	28.4366
3634		|	28.4361
3635		|	28.4357
3636		|	28.4352
3637		|	28.4347
3638		|	28.4343
3639		|	28.4338
3640		|	28.4333
3641		|	28.4329
3642		|	28.4324
3643		|	28.4319
3644		|	28.4315
3645		|	28.431
3646		|	28.4306
3647		|	28.4301
3648		|	28.4296
3649		|	28.4292
3650		|	28.4287
3651		|	28.4282
3652		|	28.4278
3653		|	28.4273
3654		|	28.4268
3655		|	28.4264
3656		|	28.4259
3657		|	28.4254
3658		|	28.425
3659		|	28.4245
3660		|	28.4241
3661		|	28.4236
3662		|	28.4231
3663		|	28.4227
3664		|	28.4222
3665		|	28.4217
3666		|	28.4213
3667		|	28.4208
3668		|	28.4203
3669		|	28.4199
3670		|	28.4194
3671		|	28.419
3672		|	28.4185
3673		|	28.418
3674		|	28.4176
3675		|	28.4171
3676		|	28.4166
3677		|	28.4162
3678		|	28.4157
3679		|	28.4152
3680		|	28.4148
3681		|	28.4143
3682		|	28.4139
3683		|	28.4134
3684		|	28.4129
3685		|	28.4125
3686		|	28.412
3687		|	28.4115
3688		|	28.4111
3689		|	28.4106
3690		|	28.4102
3691		|	28.4097
3692		|	28.4092
3693		|	28.4088
3694		|	28.4083
3695		|	28.4078
3696		|	28.4074
3697		|	28.4069
3698		|	28.4065
3699		|	28.406
3700		|	28.4055
3701		|	28.4051
3702		|	28.4046
3703		|	28.4041
3704		|	28.4037
3705		|	28.4032
3706		|	28.4028
3707		|	28.4023
3708		|	28.4018
3709		|	28.4014
3710		|	28.4009
3711		|	28.4005
3712		|	28.4
3713		|	28.3995
3714		|	28.3991
3715		|	28.3986
3716		|	28.3982
3717		|	28.3977
3718		|	28.3972
3719		|	28.3968
3720		|	28.3963
3721		|	28.3958
3722		|	28.3954
3723		|	28.3949
3724		|	28.3945
3725		|	28.394
3726		|	28.3935
3727		|	28.3931
3728		|	28.3926
3729		|	28.3922
3730		|	28.3917
3731		|	28.3912
3732		|	28.3908
3733		|	28.3903
3734		|	28.3899
3735		|	28.3894
3736		|	28.3889
3737		|	28.3885
3738		|	28.388
3739		|	28.3876
3740		|	28.3871
3741		|	28.3866
3742		|	28.3862
3743		|	28.3857
3744		|	28.3853
3745		|	28.3848
3746		|	28.3843
3747		|	28.3839
3748		|	28.3834
3749		|	28.383
3750		|	28.3825
3751		|	28.3821
3752		|	28.3816
3753		|	28.3811
3754		|	28.3807
3755		|	28.3802
3756		|	28.3798
3757		|	28.3793
3758		|	28.3788
3759		|	28.3784
3760		|	28.3779
3761		|	28.3775
3762		|	28.377
3763		|	28.3765
3764		|	28.3761
3765		|	28.3756
3766		|	28.3752
3767		|	28.3747
3768		|	28.3743
3769		|	28.3738
3770		|	28.3733
3771		|	28.3729
3772		|	28.3724
3773		|	28.372
3774		|	28.3715
3775		|	28.3711
3776		|	28.3706
3777		|	28.3701
3778		|	28.3697
3779		|	28.3692
3780		|	28.3688
3781		|	28.3683
3782		|	28.3678
3783		|	28.3674
3784		|	28.3669
3785		|	28.3665
3786		|	28.366
3787		|	28.3656
3788		|	28.3651
3789		|	28.3646
3790		|	28.3642
3791		|	28.3637
3792		|	28.3633
3793		|	28.3628
3794		|	28.3624
3795		|	28.3619
3796		|	28.3615
3797		|	28.361
3798		|	28.3605
3799		|	28.3601
3800		|	28.3596
3801		|	28.3592
3802		|	28.3587
3803		|	28.3583
3804		|	28.3578
3805		|	28.3573
3806		|	28.3569
3807		|	28.3564
3808		|	28.356
3809		|	28.3555
3810		|	28.3551
3811		|	28.3546
3812		|	28.3542
3813		|	28.3537
3814		|	28.3532
3815		|	28.3528
3816		|	28.3523
3817		|	28.3519
3818		|	28.3514
3819		|	28.351
3820		|	28.3505
3821		|	28.3501
3822		|	28.3496
3823		|	28.3491
3824		|	28.3487
3825		|	28.3482
3826		|	28.3478
3827		|	28.3473
3828		|	28.3469
3829		|	28.3464
3830		|	28.346
3831		|	28.3455
3832		|	28.345
3833		|	28.3446
3834		|	28.3441
3835		|	28.3437
3836		|	28.3432
3837		|	28.3428
3838		|	28.3423
3839		|	28.3419
3840		|	28.3414
3841		|	28.341
3842		|	28.3405
3843		|	28.34
3844		|	28.3396
3845		|	28.3391
3846		|	28.3387
3847		|	28.3382
3848		|	28.3378
3849		|	28.3373
3850		|	28.3369
3851		|	28.3364
3852		|	28.336
3853		|	28.3355
3854		|	28.3351
3855		|	28.3346
3856		|	28.3341
3857		|	28.3337
3858		|	28.3332
3859		|	28.3328
3860		|	28.3323
3861		|	28.3319
3862		|	28.3314
3863		|	28.331
3864		|	28.3305
3865		|	28.3301
3866		|	28.3296
3867		|	28.3292
3868		|	28.3287
3869		|	28.3283
3870		|	28.3278
3871		|	28.3274
3872		|	28.3269
3873		|	28.3264
3874		|	28.326
3875		|	28.3255
3876		|	28.3251
3877		|	28.3246
3878		|	28.3242
3879		|	28.3237
3880		|	28.3233
3881		|	28.3228
3882		|	28.3224
3883		|	28.3219
3884		|	28.3215
3885		|	28.321
3886		|	28.3206
3887		|	28.3201
3888		|	28.3197
3889		|	28.3192
3890		|	28.3188
3891		|	28.3183
3892		|	28.3179
3893		|	28.3174
3894		|	28.317
3895		|	28.3165
3896		|	28.316
3897		|	28.3156
3898		|	28.3151
3899		|	28.3147
3900		|	28.3142
3901		|	28.3138
3902		|	28.3133
3903		|	28.3129
3904		|	28.3124
3905		|	28.312
3906		|	28.3115
3907		|	28.3111
3908		|	28.3106
3909		|	28.3102
3910		|	28.3097
3911		|	28.3093
3912		|	28.3088
3913		|	28.3084
3914		|	28.3079
3915		|	28.3075
3916		|	28.307
3917		|	28.3066
3918		|	28.3061
3919		|	28.3057
3920		|	28.3052
3921		|	28.3048
3922		|	28.3043
3923		|	28.3039
3924		|	28.3034
3925		|	28.303
3926		|	28.3025
3927		|	28.3021
3928		|	28.3016
3929		|	28.3012
3930		|	28.3007
3931		|	28.3003
3932		|	28.2998
3933		|	28.2994
3934		|	28.2989
3935		|	28.2985
3936		|	28.298
3937		|	28.2976
3938		|	28.2971
3939		|	28.2967
3940		|	28.2962
3941		|	28.2958
3942		|	28.2953
3943		|	28.2949
3944		|	28.2944
3945		|	28.294
3946		|	28.2935
3947		|	28.2931
3948		|	28.2926
3949		|	28.2922
3950		|	28.2917
3951		|	28.2913
3952		|	28.2908
3953		|	28.2904
3954		|	28.2899
3955		|	28.2895
3956		|	28.2891
3957		|	28.2886
3958		|	28.2882
3959		|	28.2877
3960		|	28.2873
3961		|	28.2868
3962		|	28.2864
3963		|	28.2859
3964		|	28.2855
3965		|	28.285
3966		|	28.2846
3967		|	28.2841
3968		|	28.2837
3969		|	28.2832
3970		|	28.2828
3971		|	28.2823
3972		|	28.2819
3973		|	28.2814
3974		|	28.281
3975		|	28.2805
3976		|	28.2801
3977		|	28.2796
3978		|	28.2792
3979		|	28.2788
3980		|	28.2783
3981		|	28.2779
3982		|	28.2774
3983		|	28.277
3984		|	28.2765
3985		|	28.2761
3986		|	28.2756
3987		|	28.2752
3988		|	28.2747
3989		|	28.2743
3990		|	28.2738
3991		|	28.2734
3992		|	28.2729
3993		|	28.2725
3994		|	28.272
3995		|	28.2716
3996		|	28.2712
3997		|	28.2707
3998		|	28.2703
3999		|	28.2698
4000		|	28.2694
4001		|	28.2689
4002		|	28.2685
4003		|	28.268
4004		|	28.2676
4005		|	28.2671
4006		|	28.2667
4007		|	28.2662
4008		|	28.2658
4009		|	28.2654
4010		|	28.2649
4011		|	28.2645
4012		|	28.264
4013		|	28.2636
4014		|	28.2631
4015		|	28.2627
4016		|	28.2622
4017		|	28.2618
4018		|	28.2613
4019		|	28.2609
4020		|	28.2605
4021		|	28.26
4022		|	28.2596
4023		|	28.2591
4024		|	28.2587
4025		|	28.2582
4026		|	28.2578
4027		|	28.2573
4028		|	28.2569
4029		|	28.2564
4030		|	28.256
4031		|	28.2556
4032		|	28.2551
4033		|	28.2547
4034		|	28.2542
4035		|	28.2538
4036		|	28.2533
4037		|	28.2529
4038		|	28.2524
4039		|	28.252
4040		|	28.2516
4041		|	28.2511
4042		|	28.2507
4043		|	28.2502
4044		|	28.2498
4045		|	28.2493
4046		|	28.2489
4047		|	28.2484
4048		|	28.248
4049		|	28.2476
4050		|	28.2471
4051		|	28.2467
4052		|	28.2462
4053		|	28.2458
4054		|	28.2453
4055		|	28.2449
4056		|	28.2445
4057		|	28.244
4058		|	28.2436
4059		|	28.2431
4060		|	28.2427
4061		|	28.2422
4062		|	28.2418
4063		|	28.2413
4064		|	28.2409
4065		|	28.2405
4066		|	28.24
4067		|	28.2396
4068		|	28.2391
4069		|	28.2387
4070		|	28.2382
4071		|	28.2378
4072		|	28.2374
4073		|	28.2369
4074		|	28.2365
4075		|	28.236
4076		|	28.2356
4077		|	28.2351
4078		|	28.2347
4079		|	28.2343
4080		|	28.2338
4081		|	28.2334
4082		|	28.2329
4083		|	28.2325
4084		|	28.2321
4085		|	28.2316
4086		|	28.2312
4087		|	28.2307
4088		|	28.2303
4089		|	28.2298
4090		|	28.2294
4091		|	28.229
4092		|	28.2285
4093		|	28.2281
4094		|	28.2276
4095		|	28.2272
4096		|	28.2267
4097		|	28.2263
4098		|	28.2259
4099		|	28.2254
4100		|	28.225
4101		|	28.2245
4102		|	28.2241
4103		|	28.2237
4104		|	28.2232
4105		|	28.2228
4106		|	28.2223
4107		|	28.2219
4108		|	28.2215
4109		|	28.221
4110		|	28.2206
4111		|	28.2201
4112		|	28.2197
4113		|	28.2192
4114		|	28.2188
4115		|	28.2184
4116		|	28.2179
4117		|	28.2175
4118		|	28.217
4119		|	28.2166
4120		|	28.2162
4121		|	28.2157
4122		|	28.2153
4123		|	28.2148
4124		|	28.2144
4125		|	28.214
4126		|	28.2135
4127		|	28.2131
4128		|	28.2126
4129		|	28.2122
4130		|	28.2118
4131		|	28.2113
4132		|	28.2109
4133		|	28.2104
4134		|	28.21
4135		|	28.2096
4136		|	28.2091
4137		|	28.2087
4138		|	28.2082
4139		|	28.2078
4140		|	28.2074
4141		|	28.2069
4142		|	28.2065
4143		|	28.206
4144		|	28.2056
4145		|	28.2052
4146		|	28.2047
4147		|	28.2043
4148		|	28.2038
4149		|	28.2034
4150		|	28.203
4151		|	28.2025
4152		|	28.2021
4153		|	28.2016
4154		|	28.2012
4155		|	28.2008
4156		|	28.2003
4157		|	28.1999
4158		|	28.1995
4159		|	28.199
4160		|	28.1986
4161		|	28.1981
4162		|	28.1977
4163		|	28.1973
4164		|	28.1968
4165		|	28.1964
4166		|	28.1959
4167		|	28.1955
4168		|	28.1951
4169		|	28.1946
4170		|	28.1942
4171		|	28.1938
4172		|	28.1933
4173		|	28.1929
4174		|	28.1924
4175		|	28.192
4176		|	28.1916
4177		|	28.1911
4178		|	28.1907
4179		|	28.1902
4180		|	28.1898
4181		|	28.1894
4182		|	28.1889
4183		|	28.1885
4184		|	28.1881
4185		|	28.1876
4186		|	28.1872
4187		|	28.1867
4188		|	28.1863
4189		|	28.1859
4190		|	28.1854
4191		|	28.185
4192		|	28.1846
4193		|	28.1841
4194		|	28.1837
4195		|	28.1832
4196		|	28.1828
4197		|	28.1824
4198		|	28.1819
4199		|	28.1815
4200		|	28.1811
4201		|	28.1806
4202		|	28.1802
4203		|	28.1798
4204		|	28.1793
4205		|	28.1789
4206		|	28.1784
4207		|	28.178
4208		|	28.1776
4209		|	28.1771
4210		|	28.1767
4211		|	28.1763
4212		|	28.1758
4213		|	28.1754
4214		|	28.175
4215		|	28.1745
4216		|	28.1741
4217		|	28.1736
4218		|	28.1732
4219		|	28.1728
4220		|	28.1723
4221		|	28.1719
4222		|	28.1715
4223		|	28.171
4224		|	28.1706
4225		|	28.1702
4226		|	28.1697
4227		|	28.1693
4228		|	28.1688
4229		|	28.1684
4230		|	28.168
4231		|	28.1675
4232		|	28.1671
4233		|	28.1667
4234		|	28.1662
4235		|	28.1658
4236		|	28.1654
4237		|	28.1649
4238		|	28.1645
4239		|	28.1641
4240		|	28.1636
4241		|	28.1632
4242		|	28.1628
4243		|	28.1623
4244		|	28.1619
4245		|	28.1614
4246		|	28.161
4247		|	28.1606
4248		|	28.1601
4249		|	28.1597
4250		|	28.1593
4251		|	28.1588
4252		|	28.1584
4253		|	28.158
4254		|	28.1575
4255		|	28.1571
4256		|	28.1567
4257		|	28.1562
4258		|	28.1558
4259		|	28.1554
4260		|	28.1549
4261		|	28.1545
4262		|	28.1541
4263		|	28.1536
4264		|	28.1532
4265		|	28.1528
4266		|	28.1523
4267		|	28.1519
4268		|	28.1515
4269		|	28.151
4270		|	28.1506
4271		|	28.1502
4272		|	28.1497
4273		|	28.1493
4274		|	28.1489
4275		|	28.1484
4276		|	28.148
4277		|	28.1476
4278		|	28.1471
4279		|	28.1467
4280		|	28.1463
4281		|	28.1458
4282		|	28.1454
4283		|	28.145
4284		|	28.1445
4285		|	28.1441
4286		|	28.1437
4287		|	28.1432
4288		|	28.1428
4289		|	28.1424
4290		|	28.1419
4291		|	28.1415
4292		|	28.1411
4293		|	28.1406
4294		|	28.1402
4295		|	28.1398
4296		|	28.1393
4297		|	28.1389
4298		|	28.1385
4299		|	28.138
4300		|	28.1376
4301		|	28.1372
4302		|	28.1367
4303		|	28.1363
4304		|	28.1359
4305		|	28.1354
4306		|	28.135
4307		|	28.1346
4308		|	28.1341
4309		|	28.1337
4310		|	28.1333
4311		|	28.1328
4312		|	28.1324
4313		|	28.132
4314		|	28.1315
4315		|	28.1311
4316		|	28.1307
4317		|	28.1303
4318		|	28.1298
4319		|	28.1294
4320		|	28.129
4321		|	28.1285
4322		|	28.1281
4323		|	28.1277
4324		|	28.1272
4325		|	28.1268
4326		|	28.1264
4327		|	28.1259
4328		|	28.1255
4329		|	28.1251
4330		|	28.1246
4331		|	28.1242
4332		|	28.1238
4333		|	28.1234
4334		|	28.1229
4335		|	28.1225
4336		|	28.1221
4337		|	28.1216
4338		|	28.1212
4339		|	28.1208
4340		|	28.1203
4341		|	28.1199
4342		|	28.1195
4343		|	28.119
4344		|	28.1186
4345		|	28.1182
4346		|	28.1178
4347		|	28.1173
4348		|	28.1169
4349		|	28.1165
4350		|	28.116
4351		|	28.1156
4352		|	28.1152
4353		|	28.1147
4354		|	28.1143
4355		|	28.1139
4356		|	28.1134
4357		|	28.113
4358		|	28.1126
4359		|	28.1122
4360		|	28.1117
4361		|	28.1113
4362		|	28.1109
4363		|	28.1104
4364		|	28.11
4365		|	28.1096
4366		|	28.1091
4367		|	28.1087
4368		|	28.1083
4369		|	28.1079
4370		|	28.1074
4371		|	28.107
4372		|	28.1066
4373		|	28.1061
4374		|	28.1057
4375		|	28.1053
4376		|	28.1049
4377		|	28.1044
4378		|	28.104
4379		|	28.1036
4380		|	28.1031
4381		|	28.1027
4382		|	28.1023
4383		|	28.1019
4384		|	28.1014
4385		|	28.101
4386		|	28.1006
4387		|	28.1001
4388		|	28.0997
4389		|	28.0993
4390		|	28.0989
4391		|	28.0984
4392		|	28.098
4393		|	28.0976
4394		|	28.0971
4395		|	28.0967
4396		|	28.0963
4397		|	28.0959
4398		|	28.0954
4399		|	28.095
4400		|	28.0946
4401		|	28.0941
4402		|	28.0937
4403		|	28.0933
4404		|	28.0929
4405		|	28.0924
4406		|	28.092
4407		|	28.0916
4408		|	28.0911
4409		|	28.0907
4410		|	28.0903
4411		|	28.0899
4412		|	28.0894
4413		|	28.089
4414		|	28.0886
4415		|	28.0882
4416		|	28.0877
4417		|	28.0873
4418		|	28.0869
4419		|	28.0864
4420		|	28.086
4421		|	28.0856
4422		|	28.0852
4423		|	28.0847
4424		|	28.0843
4425		|	28.0839
4426		|	28.0834
4427		|	28.083
4428		|	28.0826
4429		|	28.0822
4430		|	28.0817
4431		|	28.0813
4432		|	28.0809
4433		|	28.0805
4434		|	28.08
4435		|	28.0796
4436		|	28.0792
4437		|	28.0788
4438		|	28.0783
4439		|	28.0779
4440		|	28.0775
4441		|	28.077
4442		|	28.0766
4443		|	28.0762
4444		|	28.0758
4445		|	28.0753
4446		|	28.0749
4447		|	28.0745
4448		|	28.0741
4449		|	28.0736
4450		|	28.0732
4451		|	28.0728
4452		|	28.0724
4453		|	28.0719
4454		|	28.0715
4455		|	28.0711
4456		|	28.0707
4457		|	28.0702
4458		|	28.0698
4459		|	28.0694
4460		|	28.069
4461		|	28.0685
4462		|	28.0681
4463		|	28.0677
4464		|	28.0673
4465		|	28.0668
4466		|	28.0664
4467		|	28.066
4468		|	28.0655
4469		|	28.0651
4470		|	28.0647
4471		|	28.0643
4472		|	28.0638
4473		|	28.0634
4474		|	28.063
4475		|	28.0626
4476		|	28.0621
4477		|	28.0617
4478		|	28.0613
4479		|	28.0609
4480		|	28.0604
4481		|	28.06
4482		|	28.0596
4483		|	28.0592
4484		|	28.0587
4485		|	28.0583
4486		|	28.0579
4487		|	28.0575
4488		|	28.0571
4489		|	28.0566
4490		|	28.0562
4491		|	28.0558
4492		|	28.0554
4493		|	28.0549
4494		|	28.0545
4495		|	28.0541
4496		|	28.0537
4497		|	28.0532
4498		|	28.0528
4499		|	28.0524
4500		|	28.052
4501		|	28.0515
4502		|	28.0511
4503		|	28.0507
4504		|	28.0503
4505		|	28.0498
4506		|	28.0494
4507		|	28.049
4508		|	28.0486
4509		|	28.0481
4510		|	28.0477
4511		|	28.0473
4512		|	28.0469
4513		|	28.0465
4514		|	28.046
4515		|	28.0456
4516		|	28.0452
4517		|	28.0448
4518		|	28.0443
4519		|	28.0439
4520		|	28.0435
4521		|	28.0431
4522		|	28.0426
4523		|	28.0422
4524		|	28.0418
4525		|	28.0414
4526		|	28.0409
4527		|	28.0405
4528		|	28.0401
4529		|	28.0397
4530		|	28.0393
4531		|	28.0388
4532		|	28.0384
4533		|	28.038
4534		|	28.0376
4535		|	28.0371
4536		|	28.0367
4537		|	28.0363
4538		|	28.0359
4539		|	28.0355
4540		|	28.035
4541		|	28.0346
4542		|	28.0342
4543		|	28.0338
4544		|	28.0333
4545		|	28.0329
4546		|	28.0325
4547		|	28.0321
4548		|	28.0317
4549		|	28.0312
4550		|	28.0308
4551		|	28.0304
4552		|	28.03
4553		|	28.0295
4554		|	28.0291
4555		|	28.0287
4556		|	28.0283
4557		|	28.0279
4558		|	28.0274
4559		|	28.027
4560		|	28.0266
4561		|	28.0262
4562		|	28.0257
4563		|	28.0253
4564		|	28.0249
4565		|	28.0245
4566		|	28.0241
4567		|	28.0236
4568		|	28.0232
4569		|	28.0228
4570		|	28.0224
4571		|	28.022
4572		|	28.0215
4573		|	28.0211
4574		|	28.0207
4575		|	28.0203
4576		|	28.0199
4577		|	28.0194
4578		|	28.019
4579		|	28.0186
4580		|	28.0182
4581		|	28.0177
4582		|	28.0173
4583		|	28.0169
4584		|	28.0165
4585		|	28.0161
4586		|	28.0156
4587		|	28.0152
4588		|	28.0148
4589		|	28.0144
4590		|	28.014
4591		|	28.0135
4592		|	28.0131
4593		|	28.0127
4594		|	28.0123
4595		|	28.0119
4596		|	28.0114
4597		|	28.011
4598		|	28.0106
4599		|	28.0102
4600		|	28.0098
4601		|	28.0093
4602		|	28.0089
4603		|	28.0085
4604		|	28.0081
4605		|	28.0077
4606		|	28.0072
4607		|	28.0068
4608		|	28.0064
4609		|	28.006
4610		|	28.0056
4611		|	28.0051
4612		|	28.0047
4613		|	28.0043
4614		|	28.0039
4615		|	28.0035
4616		|	28.003
4617		|	28.0026
4618		|	28.0022
4619		|	28.0018
4620		|	28.0014
4621		|	28.0009
4622		|	28.0005
4623		|	28.0001
4624		|	27.9997
4625		|	27.9993
4626		|	27.9989
4627		|	27.9984
4628		|	27.998
4629		|	27.9976
4630		|	27.9972
4631		|	27.9968
4632		|	27.9963
4633		|	27.9959
4634		|	27.9955
4635		|	27.9951
4636		|	27.9947
4637		|	27.9942
4638		|	27.9938
4639		|	27.9934
4640		|	27.993
4641		|	27.9926
4642		|	27.9922
4643		|	27.9917
4644		|	27.9913
4645		|	27.9909
4646		|	27.9905
4647		|	27.9901
4648		|	27.9896
4649		|	27.9892
4650		|	27.9888
4651		|	27.9884
4652		|	27.988
4653		|	27.9876
4654		|	27.9871
4655		|	27.9867
4656		|	27.9863
4657		|	27.9859
4658		|	27.9855
4659		|	27.985
4660		|	27.9846
4661		|	27.9842
4662		|	27.9838
4663		|	27.9834
4664		|	27.983
4665		|	27.9825
4666		|	27.9821
4667		|	27.9817
4668		|	27.9813
4669		|	27.9809
4670		|	27.9805
4671		|	27.98
4672		|	27.9796
4673		|	27.9792
4674		|	27.9788
4675		|	27.9784
4676		|	27.978
4677		|	27.9775
4678		|	27.9771
4679		|	27.9767
4680		|	27.9763
4681		|	27.9759
4682		|	27.9754
4683		|	27.975
4684		|	27.9746
4685		|	27.9742
4686		|	27.9738
4687		|	27.9734
4688		|	27.9729
4689		|	27.9725
4690		|	27.9721
4691		|	27.9717
4692		|	27.9713
4693		|	27.9709
4694		|	27.9705
4695		|	27.97
4696		|	27.9696
4697		|	27.9692
4698		|	27.9688
4699		|	27.9684
4700		|	27.968
4701		|	27.9675
4702		|	27.9671
4703		|	27.9667
4704		|	27.9663
4705		|	27.9659
4706		|	27.9655
4707		|	27.965
4708		|	27.9646
4709		|	27.9642
4710		|	27.9638
4711		|	27.9634
4712		|	27.963
4713		|	27.9625
4714		|	27.9621
4715		|	27.9617
4716		|	27.9613
4717		|	27.9609
4718		|	27.9605
4719		|	27.9601
4720		|	27.9596
4721		|	27.9592
4722		|	27.9588
4723		|	27.9584
4724		|	27.958
4725		|	27.9576
4726		|	27.9571
4727		|	27.9567
4728		|	27.9563
4729		|	27.9559
4730		|	27.9555
4731		|	27.9551
4732		|	27.9547
4733		|	27.9542
4734		|	27.9538
4735		|	27.9534
4736		|	27.953
4737		|	27.9526
4738		|	27.9522
4739		|	27.9518
4740		|	27.9513
4741		|	27.9509
4742		|	27.9505
4743		|	27.9501
4744		|	27.9497
4745		|	27.9493
4746		|	27.9488
4747		|	27.9484
4748		|	27.948
4749		|	27.9476
4750		|	27.9472
4751		|	27.9468
4752		|	27.9464
4753		|	27.946
4754		|	27.9455
4755		|	27.9451
4756		|	27.9447
4757		|	27.9443
4758		|	27.9439
4759		|	27.9435
4760		|	27.9431
4761		|	27.9426
4762		|	27.9422
4763		|	27.9418
4764		|	27.9414
4765		|	27.941
4766		|	27.9406
4767		|	27.9402
4768		|	27.9397
4769		|	27.9393
4770		|	27.9389
4771		|	27.9385
4772		|	27.9381
4773		|	27.9377
4774		|	27.9373
4775		|	27.9368
4776		|	27.9364
4777		|	27.936
4778		|	27.9356
4779		|	27.9352
4780		|	27.9348
4781		|	27.9344
4782		|	27.934
4783		|	27.9335
4784		|	27.9331
4785		|	27.9327
4786		|	27.9323
4787		|	27.9319
4788		|	27.9315
4789		|	27.9311
4790		|	27.9307
4791		|	27.9302
4792		|	27.9298
4793		|	27.9294
4794		|	27.929
4795		|	27.9286
4796		|	27.9282
4797		|	27.9278
4798		|	27.9274
4799		|	27.9269
4800		|	27.9265
4801		|	27.9261
4802		|	27.9257
4803		|	27.9253
4804		|	27.9249
4805		|	27.9245
4806		|	27.9241
4807		|	27.9236
4808		|	27.9232
4809		|	27.9228
4810		|	27.9224
4811		|	27.922
4812		|	27.9216
4813		|	27.9212
4814		|	27.9208
4815		|	27.9203
4816		|	27.9199
4817		|	27.9195
4818		|	27.9191
4819		|	27.9187
4820		|	27.9183
4821		|	27.9179
4822		|	27.9175
4823		|	27.9171
4824		|	27.9166
4825		|	27.9162
4826		|	27.9158
4827		|	27.9154
4828		|	27.915
4829		|	27.9146
4830		|	27.9142
4831		|	27.9138
4832		|	27.9133
4833		|	27.9129
4834		|	27.9125
4835		|	27.9121
4836		|	27.9117
4837		|	27.9113
4838		|	27.9109
4839		|	27.9105
4840		|	27.9101
4841		|	27.9096
4842		|	27.9092
4843		|	27.9088
4844		|	27.9084
4845		|	27.908
4846		|	27.9076
4847		|	27.9072
4848		|	27.9068
4849		|	27.9064
4850		|	27.906
4851		|	27.9055
4852		|	27.9051
4853		|	27.9047
4854		|	27.9043
4855		|	27.9039
4856		|	27.9035
4857		|	27.9031
4858		|	27.9027
4859		|	27.9023
4860		|	27.9018
4861		|	27.9014
4862		|	27.901
4863		|	27.9006
4864		|	27.9002
4865		|	27.8998
4866		|	27.8994
4867		|	27.899
4868		|	27.8986
4869		|	27.8982
4870		|	27.8977
4871		|	27.8973
4872		|	27.8969
4873		|	27.8965
4874		|	27.8961
4875		|	27.8957
4876		|	27.8953
4877		|	27.8949
4878		|	27.8945
4879		|	27.8941
4880		|	27.8937
4881		|	27.8932
4882		|	27.8928
4883		|	27.8924
4884		|	27.892
4885		|	27.8916
4886		|	27.8912
4887		|	27.8908
4888		|	27.8904
4889		|	27.89
4890		|	27.8896
4891		|	27.8891
4892		|	27.8887
4893		|	27.8883
4894		|	27.8879
4895		|	27.8875
4896		|	27.8871
4897		|	27.8867
4898		|	27.8863
4899		|	27.8859
4900		|	27.8855
4901		|	27.8851
4902		|	27.8847
4903		|	27.8842
4904		|	27.8838
4905		|	27.8834
4906		|	27.883
4907		|	27.8826
4908		|	27.8822
4909		|	27.8818
4910		|	27.8814
4911		|	27.881
4912		|	27.8806
4913		|	27.8802
4914		|	27.8797
4915		|	27.8793
4916		|	27.8789
4917		|	27.8785
4918		|	27.8781
4919		|	27.8777
4920		|	27.8773
4921		|	27.8769
4922		|	27.8765
4923		|	27.8761
4924		|	27.8757
4925		|	27.8753
4926		|	27.8749
4927		|	27.8744
4928		|	27.874
4929		|	27.8736
4930		|	27.8732
4931		|	27.8728
4932		|	27.8724
4933		|	27.872
4934		|	27.8716
4935		|	27.8712
4936		|	27.8708
4937		|	27.8704
4938		|	27.87
4939		|	27.8696
4940		|	27.8691
4941		|	27.8687
4942		|	27.8683
4943		|	27.8679
4944		|	27.8675
4945		|	27.8671
4946		|	27.8667
4947		|	27.8663
4948		|	27.8659
4949		|	27.8655
4950		|	27.8651
4951		|	27.8647
4952		|	27.8643
4953		|	27.8639
4954		|	27.8634
4955		|	27.863
4956		|	27.8626
4957		|	27.8622
4958		|	27.8618
4959		|	27.8614
4960		|	27.861
4961		|	27.8606
4962		|	27.8602
4963		|	27.8598
4964		|	27.8594
4965		|	27.859
4966		|	27.8586
4967		|	27.8582
4968		|	27.8578
4969		|	27.8573
4970		|	27.8569
4971		|	27.8565
4972		|	27.8561
4973		|	27.8557
4974		|	27.8553
4975		|	27.8549
4976		|	27.8545
4977		|	27.8541
4978		|	27.8537
4979		|	27.8533
4980		|	27.8529
4981		|	27.8525
4982		|	27.8521
4983		|	27.8517
4984		|	27.8513
4985		|	27.8509
4986		|	27.8504
4987		|	27.85
4988		|	27.8496
4989		|	27.8492
4990		|	27.8488
4991		|	27.8484
4992		|	27.848
4993		|	27.8476
4994		|	27.8472
4995		|	27.8468
4996		|	27.8464
4997		|	27.846
4998		|	27.8456
4999		|	27.8452
5000		|	27.8448
5000		|	27.8448
Time spent =29.125s.

